"code","message","type","context","selector"
"WCAG2AAA.Principle2.Guideline2_4.2_4_2.H25.2","Check that the title element describes the document.","notice","<title>St Werburgh Medical Practice</title>","html > head > title"
"WCAG2AAA.Principle2.Guideline2_4.2_4_1.H64.1","Iframe element requires a non-empty title attribute that identifies the frame.","error","<iframe id=\":2.container\" class=\"goog-te-banner-frame skiptranslate\" frameborder=\"0\" src=\"javascript:''\" style=\"visibility:visible\"></iframe>","#:2.container"
"WCAG2AAA.Principle1.Guideline1_1.1_1_1.H67.2","Img element is marked so that it is ignored by Assistive Technology.","warning","<img src=\"https://www.google.com/images/cleardot.gif\" class=\"goog-te-gadget-icon\" alt=\"\" style=\"background-image: url(https://translate.googleapis.com/translate_static/img/te_ctrl3.gif); background-position: -65px 0px;\">","#:0.targetLanguage > img"
"WCAG2AAA.Principle1.Guideline1_4.1_4_3_F24.F24.BGColour","Check that this element has an inherited foreground colour to complement the corresponding inline background colour or image.","warning","<img src=\"https://www.google.com/images/cleardot.gif\" class=\"goog-te-gadget-icon\" alt=\"\" style=\"background-image: url(https://translate.googleapis.com/translate_static/img/te_ctrl3.gif); background-position: -65px 0px;\">","#:0.targetLanguage > img"
"WCAG2AAA.Principle1.Guideline1_1.1_1_1.G73,G74","If this image cannot be fully described in a short text alternative, ensure a long text alternative is also available, such as in the body text or through a link.","notice","<img src=\"https://www.google.com/images/cleardot.gif\" class=\"goog-te-gadget-icon\" alt=\"\" style=\"background-image: url(https://translate.googleapis.com/translate_static/img/te_ctrl3.gif); background-position: -65px 0px;\">","#:0.targetLanguage > img"
"WCAG2AAA.Principle2.Guideline2_4.2_4_9.H30","Check that text of the link describes the purpose of the link.","notice","<a aria-haspopup=\"true\" class=\"goog-te-menu-value\" href=\"javascript:void(0)\"><span>选择语言</span><img src=\"http...</a>","#:0.targetLanguage > span > a"
"WCAG2AAA.Principle1.Guideline1_1.1_1_1.H67.2","Img element is marked so that it is ignored by Assistive Technology.","warning","<img src=\"https://www.google.com/images/cleardot.gif\" alt=\"\" width=\"1\" height=\"1\">","#:0.targetLanguage > span > a > img:nth-child(2)"
"WCAG2AAA.Principle1.Guideline1_1.1_1_1.G73,G74","If this image cannot be fully described in a short text alternative, ensure a long text alternative is also available, such as in the body text or through a link.","notice","<img src=\"https://www.google.com/images/cleardot.gif\" alt=\"\" width=\"1\" height=\"1\">","#:0.targetLanguage > span > a > img:nth-child(2)"
"WCAG2AAA.Principle1.Guideline1_1.1_1_1.H67.2","Img element is marked so that it is ignored by Assistive Technology.","warning","<img src=\"https://www.google.com/images/cleardot.gif\" alt=\"\" width=\"1\" height=\"1\">","#:0.targetLanguage > span > a > img:nth-child(4)"
"WCAG2AAA.Principle1.Guideline1_1.1_1_1.G73,G74","If this image cannot be fully described in a short text alternative, ensure a long text alternative is also available, such as in the body text or through a link.","notice","<img src=\"https://www.google.com/images/cleardot.gif\" alt=\"\" width=\"1\" height=\"1\">","#:0.targetLanguage > span > a > img:nth-child(4)"
"WCAG2AAA.Principle1.Guideline1_3.1_3_1.H48","If this element contains a navigation section, it is recommended that it be marked up as a list.","warning","<div id=\"social-icons\">\n\t\t\t\t\t\t\t\t\t\t\t\t\t<a class=\"faceboo...</div>","#social-icons"
"WCAG2AAA.Principle4.Guideline4_1.4_1_2.H91.A.NoContent","Anchor element found with a valid href attribute, but no link content has been supplied.","error","<a class=\"facebook\" href=\"https://www.facebook.com/dmchealthcare1\"><i class=\"icon-facebook\"></i></a>","#social-icons > a:nth-child(1)"
"WCAG2AAA.Principle2.Guideline2_4.2_4_9.H30","Check that text of the link describes the purpose of the link.","notice","<a class=\"facebook\" href=\"https://www.facebook.com/dmchealthcare1\"><i class=\"icon-facebook\"></i></a>","#social-icons > a:nth-child(1)"
"WCAG2AAA.Principle4.Guideline4_1.4_1_2.H91.A.NoContent","Anchor element found with a valid href attribute, but no link content has been supplied.","error","<a class=\"twitter\" href=\"https://twitter.com/dmc_healthcare\"><i class=\"icon-twitter\"></i></a>","#social-icons > a:nth-child(2)"
"WCAG2AAA.Principle2.Guideline2_4.2_4_9.H30","Check that text of the link describes the purpose of the link.","notice","<a class=\"twitter\" href=\"https://twitter.com/dmc_healthcare\"><i class=\"icon-twitter\"></i></a>","#social-icons > a:nth-child(2)"
"WCAG2AAA.Principle3.Guideline3_2.3_2_1.G107","Check that a change of context does not occur when this input field receives focus.","notice","<button type=\"button\" class=\"navbar-toggle collapsed\" data-toggle=\"collapse\" data-target=\"#menu\" aria-expanded=\"false\">\n\t\t\t\t\t\t\t\t<span class=\"sr-only\">...</button>","html > body > div:nth-child(3) > div > div:nth-child(2) > div > nav > div:nth-child(1) > button"
"WCAG2AAA.Principle2.Guideline2_4.2_4_9.H30","Check that text of the link describes the purpose of the link.","notice","<a href=\"https://www.stwerburgh.co.uk\">Home</a>","#menu > ul > li:nth-child(1) > a"
"WCAG2AAA.Principle2.Guideline2_4.2_4_9.H30","Check that text of the link describes the purpose of the link.","notice","<a href=\"https://www.stwerburgh.co.uk/patient-information/\">Patient Information</a>","#menu > ul > li:nth-child(2) > a"
"WCAG2AAA.Principle2.Guideline2_4.2_4_9.H30","Check that text of the link describes the purpose of the link.","notice","<a href=\"https://www.stwerburgh.co.uk/patient-information/catchment-area/\">Catchment Area</a>","#menu > ul > li:nth-child(2) > ul > li:nth-child(1) > a"
"WCAG2AAA.Principle2.Guideline2_4.2_4_9.H30","Check that text of the link describes the purpose of the link.","notice","<a href=\"https://www.stwerburgh.co.uk/patient-information/how-to-register/\">How to Register</a>","#menu > ul > li:nth-child(2) > ul > li:nth-child(2) > a"
"WCAG2AAA.Principle2.Guideline2_4.2_4_9.H30","Check that text of the link describes the purpose of the link.","notice","<a href=\"https://www.stwerburgh.co.uk/patient-information/online-services/\">Online Services</a>","#menu > ul > li:nth-child(2) > ul > li:nth-child(3) > a"
"WCAG2AAA.Principle2.Guideline2_4.2_4_9.H30","Check that text of the link describes the purpose of the link.","notice","<a href=\"https://www.stwerburgh.co.uk/patient-information/privacy-notice/\">Privacy Notice</a>","#menu > ul > li:nth-child(2) > ul > li:nth-child(4) > a"
"WCAG2AAA.Principle2.Guideline2_4.2_4_9.H30","Check that text of the link describes the purpose of the link.","notice","<a href=\"https://www.stwerburgh.co.uk/patient-information/registration-form/\">Registration Form</a>","#menu > ul > li:nth-child(2) > ul > li:nth-child(5) > a"
"WCAG2AAA.Principle2.Guideline2_4.2_4_9.H30","Check that text of the link describes the purpose of the link.","notice","<a href=\"https://www.stwerburgh.co.uk/patient-information/travel-questionnaire/\">Travel Questionnaire</a>","#menu > ul > li:nth-child(2) > ul > li:nth-child(6) > a"
"WCAG2AAA.Principle2.Guideline2_4.2_4_9.H30","Check that text of the link describes the purpose of the link.","notice","<a href=\"https://www.stwerburgh.co.uk/news/\">News</a>","#menu > ul > li:nth-child(3) > a"
"WCAG2AAA.Principle2.Guideline2_4.2_4_9.H30","Check that text of the link describes the purpose of the link.","notice","<a href=\"https://www.stwerburgh.co.uk/practice-information/\">Practice Information</a>","#menu > ul > li:nth-child(4) > a"
"WCAG2AAA.Principle2.Guideline2_4.2_4_9.H30","Check that text of the link describes the purpose of the link.","notice","<a href=\"https://www.stwerburgh.co.uk/practice-information/practice-staff/\">Practice Staff</a>","#menu > ul > li:nth-child(4) > ul > li > a"
"WCAG2AAA.Principle2.Guideline2_4.2_4_9.H30","Check that text of the link describes the purpose of the link.","notice","<a href=\"https://www.stwerburgh.co.uk/health-information/\">Health Information</a>","#menu > ul > li:nth-child(5) > a"
"WCAG2AAA.Principle2.Guideline2_4.2_4_9.H30","Check that text of the link describes the purpose of the link.","notice","<a href=\"https://www.stwerburgh.co.uk/self-referrals/\">Self Referrals</a>","#menu > ul > li:nth-child(6) > a"
"WCAG2AAA.Principle2.Guideline2_4.2_4_9.H30","Check that text of the link describes the purpose of the link.","notice","<a href=\"https://www.stwerburgh.co.uk/clinics-and-services/\">Clinics and Services</a>","#menu > ul > li:nth-child(7) > a"
"WCAG2AAA.Principle2.Guideline2_4.2_4_9.H30","Check that text of the link describes the purpose of the link.","notice","<a href=\"https://www.stwerburgh.co.uk/clinics-and-services/pharmacist-minor-ailments-clinic/\">Pharmacist Minor Ailments Clini...</a>","#menu > ul > li:nth-child(7) > ul > li > a"
"WCAG2AAA.Principle2.Guideline2_4.2_4_9.H30","Check that text of the link describes the purpose of the link.","notice","<a href=\"https://www.stwerburgh.co.uk/patient-opinion/\">Patient Opinion</a>","#menu > ul > li:nth-child(8) > a"
"WCAG2AAA.Principle2.Guideline2_4.2_4_9.H30","Check that text of the link describes the purpose of the link.","notice","<a href=\"https://www.stwerburgh.co.uk/patient-opinion/patient-participation-group/\">Patient Participation Group</a>","#menu > ul > li:nth-child(8) > ul > li > a"
"WCAG2AAA.Principle2.Guideline2_4.2_4_9.H30","Check that text of the link describes the purpose of the link.","notice","<a href=\"https://www.stwerburgh.co.uk/contact/\">Contact</a>","#menu > ul > li:nth-child(9) > a"
"WCAG2AAA.Principle1.Guideline1_1.1_1_1.H37","Img element missing an alt attribute. Use the alt attribute to specify a short text alternative.","error","<img src=\"http://www.gpwebsolutions-host.co.uk/3153/files/2018/06/PC-site-header-draft-4.jpg\" class=\"front-page-background\">","#home-background > img"
"WCAG2AAA.Principle1.Guideline1_1.1_1_1.G73,G74","If this image cannot be fully described in a short text alternative, ensure a long text alternative is also available, such as in the body text or through a link.","notice","<img src=\"http://www.gpwebsolutions-host.co.uk/3153/files/2018/06/PC-site-header-draft-4.jpg\" class=\"front-page-background\">","#home-background > img"
"WCAG2AAA.Principle1.Guideline1_4.1_4_6.G18.Fail","This element has insufficient contrast at this conformance level. Expected a contrast ratio of at least 4.5:1, but text in this element has a contrast ratio of 2.32:1. Recommendation: change background to #767676.","error","<a href=\"https://www.stwerburgh.co.uk\">St Werburgh Medical Practice</a>","#main-site-title > a"
"WCAG2AAA.Principle2.Guideline2_4.2_4_9.H30","Check that text of the link describes the purpose of the link.","notice","<a href=\"https://www.stwerburgh.co.uk\">St Werburgh Medical Practice</a>","#main-site-title > a"
"WCAG2AAA.Principle1.Guideline1_4.1_4_6.G18.Fail","This element has insufficient contrast at this conformance level. Expected a contrast ratio of at least 4.5:1, but text in this element has a contrast ratio of 2.32:1. Recommendation: change background to #767676.","error","<div id=\"main-site-description\" class=\"text-center\">DMC Healthcare is proud to prov...</div>","#main-site-description"
"WCAG2AAA.Principle4.Guideline4_1.4_1_1.F77","Duplicate id attribute value \"main-site-description\" found on the web page.","error","<div id=\"main-site-description\" class=\"text-center\"></div>","#main-site-description"
"WCAG2AAA.Principle3.Guideline3_3.3_3_1.G83,G84,G85","If an input error is automatically detected in this form, check that the item(s) in error are identified and the error(s) are described to the user in text.","notice","<form method=\"get\" id=\"searchform\" action=\"\">\n\t\t\t<div class=\"col-md-8 col-xs...</form>","#searchform"
"WCAG2AAA.Principle3.Guideline3_3.3_3_2.G131,G89,G184,H90","Check that descriptive labels or instructions (including for required fields) are provided for user input in this form.","notice","<form method=\"get\" id=\"searchform\" action=\"\">\n\t\t\t<div class=\"col-md-8 col-xs...</form>","#searchform"
"WCAG2AAA.Principle3.Guideline3_3.3_3_3.G177","Check that this form provides suggested corrections to errors in user input, unless it would jeopardize the security or purpose of the content.","notice","<form method=\"get\" id=\"searchform\" action=\"\">\n\t\t\t<div class=\"col-md-8 col-xs...</form>","#searchform"
"WCAG2AAA.Principle3.Guideline3_3.3_3_5.G71,G184,G193","Check that context-sensitive help is available for this form, at a Web-page and/or control level.","notice","<form method=\"get\" id=\"searchform\" action=\"\">\n\t\t\t<div class=\"col-md-8 col-xs...</form>","#searchform"
"WCAG2AAA.Principle3.Guideline3_3.3_3_6.G98,G99,G155,G164,G168.AllForms","Check that submissions to this form are either reversible, checked for input errors, and/or confirmed by the user.","notice","<form method=\"get\" id=\"searchform\" action=\"\">\n\t\t\t<div class=\"col-md-8 col-xs...</form>","#searchform"
"WCAG2AAA.Principle2.Guideline2_1.2_1_1.G90","Ensure the functionality provided by an event handler for this element is available through the keyboard","warning","<input type=\"text\" placeholder=\"Search..\" onfocus=\"if(this.value == 'Search..') {this.value = '';}\" onblur=\"if(this.value == '') {this.value = 'Search..';}\" class=\"field\" name=\"s\" id=\"s\" value=\"Search..\">","#s"
"WCAG2AAA.Principle4.Guideline4_1.4_1_2.H91.InputText.Name","This text input element does not have a name available to an accessibility API. Valid names are: label element, title attribute, aria-label attribute, aria-labelledby attribute.","error","<input type=\"text\" placeholder=\"Search..\" onfocus=\"if(this.value == 'Search..') {this.value = '';}\" onblur=\"if(this.value == '') {this.value = 'Search..';}\" class=\"field\" name=\"s\" id=\"s\" value=\"Search..\">","#s"
"WCAG2AAA.Principle1.Guideline1_3.1_3_1.F68","This form field should be labelled in some way. Use the label element (either with a \"for\" attribute or wrapped around the form field), or \"title\", \"aria-label\" or \"aria-labelledby\" attributes as appropriate.","error","<input type=\"text\" placeholder=\"Search..\" onfocus=\"if(this.value == 'Search..') {this.value = '';}\" onblur=\"if(this.value == '') {this.value = 'Search..';}\" class=\"field\" name=\"s\" id=\"s\" value=\"Search..\">","#s"
"WCAG2AAA.Principle3.Guideline3_2.3_2_1.G107","Check that a change of context does not occur when this input field receives focus.","notice","<input type=\"text\" placeholder=\"Search..\" onfocus=\"if(this.value == 'Search..') {this.value = '';}\" onblur=\"if(this.value == '') {this.value = 'Search..';}\" class=\"field\" name=\"s\" id=\"s\" value=\"Search..\">","#s"
"WCAG2AAA.Principle3.Guideline3_2.3_2_1.G107","Check that a change of context does not occur when this input field receives focus.","notice","<input type=\"submit\" class=\"submit\" name=\"submit\" id=\"searchsubmit\" value=\"Go\">","#searchsubmit"
"WCAG2AAA.Principle1.Guideline1_4.1_4_6.G18.BgImage","This element's text is placed on a background image. Ensure the contrast ratio between the text and all covered parts of the image are at least 4.5:1.","warning","<a href=\"http://www.gpwebsolutions-host.co.uk/14327/patient-information/how-to-register/http://www.gpwebsolutions-host.co.uk/3153/patient-information/online-services/\" class=\"homepageButton\" target=\"_BLANK\">REGISTER ONLINE</a>","#useful-links > div > div > div:nth-child(1) > a"
"WCAG2AAA.Principle2.Guideline2_4.2_4_9.H30","Check that text of the link describes the purpose of the link.","notice","<a href=\"http://www.gpwebsolutions-host.co.uk/14327/patient-information/how-to-register/http://www.gpwebsolutions-host.co.uk/3153/patient-information/online-services/\" class=\"homepageButton\" target=\"_BLANK\">REGISTER ONLINE</a>","#useful-links > div > div > div:nth-child(1) > a"
"WCAG2AAA.Principle1.Guideline1_4.1_4_6.G18.BgImage","This element's text is placed on a background image. Ensure the contrast ratio between the text and all covered parts of the image are at least 4.5:1.","warning","<a href=\"http://www.gpwebsolutions-host.co.uk/14327/contact/\" class=\"homepageButton\" target=\"_BLANK\">CONTACT US</a>","#useful-links > div > div > div:nth-child(2) > a"
"WCAG2AAA.Principle2.Guideline2_4.2_4_9.H30","Check that text of the link describes the purpose of the link.","notice","<a href=\"http://www.gpwebsolutions-host.co.uk/14327/contact/\" class=\"homepageButton\" target=\"_BLANK\">CONTACT US</a>","#useful-links > div > div > div:nth-child(2) > a"
"WCAG2AAA.Principle1.Guideline1_4.1_4_6.G18.BgImage","This element's text is placed on a background image. Ensure the contrast ratio between the text and all covered parts of the image are at least 4.5:1.","warning","<a href=\"http://www.gpwebsolutions-host.co.uk/14327/self-referrals/\" class=\"homepageButton\" target=\"_BLANK\">SELF REFERRALS &amp; ADVICE</a>","#useful-links > div > div > div:nth-child(3) > a"
"WCAG2AAA.Principle2.Guideline2_4.2_4_9.H30","Check that text of the link describes the purpose of the link.","notice","<a href=\"http://www.gpwebsolutions-host.co.uk/14327/self-referrals/\" class=\"homepageButton\" target=\"_BLANK\">SELF REFERRALS &amp; ADVICE</a>","#useful-links > div > div > div:nth-child(3) > a"
"WCAG2AAA.Principle1.Guideline1_4.1_4_6.G17.Fail","This element has insufficient contrast at this conformance level. Expected a contrast ratio of at least 7:1, but text in this element has a contrast ratio of 2.18:1. Recommendation: change background to #006175.","error","<span>Welcome</span>","html > body > div:nth-child(6) > div > main > div > div:nth-child(2) > div:nth-child(1) > h2 > span"
"WCAG2AAA.Principle2.Guideline2_4.2_4_9.H30","Check that text of the link describes the purpose of the link.","notice","<a class=\"rsswidget\" href=\"http://www.patient.info/rss?containerid=146\"><img class=\"rss-widget-icon\" st...</a>","html > body > div:nth-child(6) > div > main > div > div:nth-child(2) > div:nth-child(2) > h2 > span > a:nth-child(1)"
"WCAG2AAA.Principle1.Guideline1_1.1_1_1.G94.Image","Ensure that the img element's alt text serves the same purpose and presents the same information as the image.","notice","<img class=\"rss-widget-icon\" style=\"border:0\" width=\"14\" height=\"14\" src=\"https://www.stwerburgh.co.uk/wp-includes/images/rss.png\" alt=\"RSS\">","html > body > div:nth-child(6) > div > main > div > div:nth-child(2) > div:nth-child(2) > h2 > span > a:nth-child(1) > img"
"WCAG2AAA.Principle1.Guideline1_1.1_1_1.G73,G74","If this image cannot be fully described in a short text alternative, ensure a long text alternative is also available, such as in the body text or through a link.","notice","<img class=\"rss-widget-icon\" style=\"border:0\" width=\"14\" height=\"14\" src=\"https://www.stwerburgh.co.uk/wp-includes/images/rss.png\" alt=\"RSS\">","html > body > div:nth-child(6) > div > main > div > div:nth-child(2) > div:nth-child(2) > h2 > span > a:nth-child(1) > img"
"WCAG2AAA.Principle1.Guideline1_4.1_4_6.G17.Fail","This element has insufficient contrast at this conformance level. Expected a contrast ratio of at least 7:1, but text in this element has a contrast ratio of 2.18:1. Recommendation: change background to #006175.","error","<a class=\"rsswidget\" href=\"https://patient.info/blogs/sarah-says\">Health In the News</a>","html > body > div:nth-child(6) > div > main > div > div:nth-child(2) > div:nth-child(2) > h2 > span > a:nth-child(2)"
"WCAG2AAA.Principle2.Guideline2_4.2_4_9.H30","Check that text of the link describes the purpose of the link.","notice","<a class=\"rsswidget\" href=\"https://patient.info/blogs/sarah-says\">Health In the News</a>","html > body > div:nth-child(6) > div > main > div > div:nth-child(2) > div:nth-child(2) > h2 > span > a:nth-child(2)"
"WCAG2AAA.Principle2.Guideline2_4.2_4_9.H30","Check that text of the link describes the purpose of the link.","notice","<a class=\"rsswidget\" href=\"https://patient.info/blogs/sarah-says/2017/05/painkillers-and-heart-attack-new-day-new-concerns\">Painkillers and heart attack - ...</a>","html > body > div:nth-child(6) > div > main > div > div:nth-child(2) > div:nth-child(2) > ul > li:nth-child(1) > a"
"WCAG2AAA.Principle2.Guideline2_4.2_4_9.H30","Check that text of the link describes the purpose of the link.","notice","<a class=\"rsswidget\" href=\"https://patient.info/blogs/sarah-says/2017/04/doctors-and-the-dvla-what-does-updated-guidance-mean-for-patients\">Doctors and the DVLA: what does...</a>","html > body > div:nth-child(6) > div > main > div > div:nth-child(2) > div:nth-child(2) > ul > li:nth-child(2) > a"
"WCAG2AAA.Principle2.Guideline2_4.2_4_9.H30","Check that text of the link describes the purpose of the link.","notice","<a class=\"rsswidget\" href=\"https://patient.info/blogs/sarah-says/2017/04/stroke-surgery-a-brave-new-world\">Stroke surgery - a brave new wo...</a>","html > body > div:nth-child(6) > div > main > div > div:nth-child(2) > div:nth-child(2) > ul > li:nth-child(3) > a"
"WCAG2AAA.Principle2.Guideline2_4.2_4_9.H30","Check that text of the link describes the purpose of the link.","notice","<a class=\"rsswidget\" href=\"https://patient.info/blogs/sarah-says/2017/01/why-are-americans-dying-so-needlessly\">Why are Americans dying so need...</a>","html > body > div:nth-child(6) > div > main > div > div:nth-child(2) > div:nth-child(2) > ul > li:nth-child(4) > a"
"WCAG2AAA.Principle2.Guideline2_4.2_4_9.H30","Check that text of the link describes the purpose of the link.","notice","<a class=\"rsswidget\" href=\"https://patient.info/blogs/sarah-says/2017/01/the-abnormal-heart-rhythm-you-can-t-afford-to-miss\">The abnormal heart rhythm you c...</a>","html > body > div:nth-child(6) > div > main > div > div:nth-child(2) > div:nth-child(2) > ul > li:nth-child(5) > a"
"WCAG2AAA.Principle1.Guideline1_4.1_4_6.G17.Fail","This element has insufficient contrast at this conformance level. Expected a contrast ratio of at least 7:1, but text in this element has a contrast ratio of 2.18:1. Recommendation: change background to #006175.","error","<span>Latest Surgery News</span>","html > body > div:nth-child(6) > div > main > div > div:nth-child(2) > div:nth-child(3) > h2 > span"
"WCAG2AAA.Principle2.Guideline2_4.2_4_9.H30","Check that text of the link describes the purpose of the link.","notice","<a href=\"https://www.stwerburgh.co.uk/2013/02/06/dementia-awareness-campaign/\">Dementia Awareness Campaign</a>","html > body > div:nth-child(6) > div > main > div > div:nth-child(2) > div:nth-child(3) > ul > li > a"
"WCAG2AAA.Principle1.Guideline1_3.1_3_1.H48","If this element contains a navigation section, it is recommended that it be marked up as a list.","warning","<div class=\"widget links blue\"><h2 class=\"widgettitle\"><span>U...</div>","html > body > div:nth-child(6) > div > main > div > div:nth-child(3) > div:nth-child(1)"
"WCAG2AAA.Principle1.Guideline1_4.1_4_6.G17.Fail","This element has insufficient contrast at this conformance level. Expected a contrast ratio of at least 7:1, but text in this element has a contrast ratio of 2.18:1. Recommendation: change background to #006175.","error","<span>Useful Links</span>","html > body > div:nth-child(6) > div > main > div > div:nth-child(3) > div:nth-child(1) > h2 > span"
"WCAG2AAA.Principle1.Guideline1_4.1_4_6.G17.BgImage","This element's text is placed on a background image. Ensure the contrast ratio between the text and all covered parts of the image are at least 7:1.","warning","<a class=\"book-app\" href=\"https://patient.emisaccess.co.uk\" target=\"_blank\">\n\t\t\t\t<img class=\"icon tick\" src...</a>","html > body > div:nth-child(6) > div > main > div > div:nth-child(3) > div:nth-child(1) > a:nth-child(2)"
"WCAG2AAA.Principle2.Guideline2_4.2_4_9.H30","Check that text of the link describes the purpose of the link.","notice","<a class=\"book-app\" href=\"https://patient.emisaccess.co.uk\" target=\"_blank\">\n\t\t\t\t<img class=\"icon tick\" src...</a>","html > body > div:nth-child(6) > div > main > div > div:nth-child(3) > div:nth-child(1) > a:nth-child(2)"
"WCAG2AAA.Principle3.Guideline3_2.3_2_5.H83.3","Check that this link's link text contains information indicating that the link will open in a new window.","warning","<a class=\"book-app\" href=\"https://patient.emisaccess.co.uk\" target=\"_blank\">\n\t\t\t\t<img class=\"icon tick\" src...</a>","html > body > div:nth-child(6) > div > main > div > div:nth-child(3) > div:nth-child(1) > a:nth-child(2)"
"WCAG2AAA.Principle1.Guideline1_1.1_1_1.H37","Img element missing an alt attribute. Use the alt attribute to specify a short text alternative.","error","<img class=\"icon tick\" src=\"https://www.gpwebsolutions-host.co.uk/custom_link_widget/px.gif\">","html > body > div:nth-child(6) > div > main > div > div:nth-child(3) > div:nth-child(1) > a:nth-child(2) > img"
"WCAG2AAA.Principle1.Guideline1_1.1_1_1.G73,G74","If this image cannot be fully described in a short text alternative, ensure a long text alternative is also available, such as in the body text or through a link.","notice","<img class=\"icon tick\" src=\"https://www.gpwebsolutions-host.co.uk/custom_link_widget/px.gif\">","html > body > div:nth-child(6) > div > main > div > div:nth-child(3) > div:nth-child(1) > a:nth-child(2) > img"
"WCAG2AAA.Principle1.Guideline1_4.1_4_6.G17.BgImage","This element's text is placed on a background image. Ensure the contrast ratio between the text and all covered parts of the image are at least 7:1.","warning","<a class=\"rep-pres\" href=\"https://patient.emisaccess.co.uk\" target=\"_blank\">\n\t\t\t\t<img class=\"icon pres\" src...</a>","html > body > div:nth-child(6) > div > main > div > div:nth-child(3) > div:nth-child(1) > a:nth-child(3)"
"WCAG2AAA.Principle2.Guideline2_4.2_4_9.H30","Check that text of the link describes the purpose of the link.","notice","<a class=\"rep-pres\" href=\"https://patient.emisaccess.co.uk\" target=\"_blank\">\n\t\t\t\t<img class=\"icon pres\" src...</a>","html > body > div:nth-child(6) > div > main > div > div:nth-child(3) > div:nth-child(1) > a:nth-child(3)"
"WCAG2AAA.Principle3.Guideline3_2.3_2_5.H83.3","Check that this link's link text contains information indicating that the link will open in a new window.","warning","<a class=\"rep-pres\" href=\"https://patient.emisaccess.co.uk\" target=\"_blank\">\n\t\t\t\t<img class=\"icon pres\" src...</a>","html > body > div:nth-child(6) > div > main > div > div:nth-child(3) > div:nth-child(1) > a:nth-child(3)"
"WCAG2AAA.Principle1.Guideline1_1.1_1_1.H37","Img element missing an alt attribute. Use the alt attribute to specify a short text alternative.","error","<img class=\"icon pres\" src=\"https://www.gpwebsolutions-host.co.uk/custom_link_widget/px.gif\">","html > body > div:nth-child(6) > div > main > div > div:nth-child(3) > div:nth-child(1) > a:nth-child(3) > img"
"WCAG2AAA.Principle1.Guideline1_1.1_1_1.G73,G74","If this image cannot be fully described in a short text alternative, ensure a long text alternative is also available, such as in the body text or through a link.","notice","<img class=\"icon pres\" src=\"https://www.gpwebsolutions-host.co.uk/custom_link_widget/px.gif\">","html > body > div:nth-child(6) > div > main > div > div:nth-child(3) > div:nth-child(1) > a:nth-child(3) > img"
"WCAG2AAA.Principle1.Guideline1_4.1_4_6.G17.Fail","This element has insufficient contrast at this conformance level. Expected a contrast ratio of at least 7:1, but text in this element has a contrast ratio of 5.7:1. Recommendation: change background to #7e37a7.","error","<a class=\"register\" href=\"http://www.gpwebsolutions-host.co.uk/14327/patient-opinion/patient-participation-group/\">\n\t\t\t\tFriends &amp; Family Test\n...</a>","html > body > div:nth-child(6) > div > main > div > div:nth-child(3) > div:nth-child(1) > a:nth-child(4)"
"WCAG2AAA.Principle2.Guideline2_4.2_4_9.H30","Check that text of the link describes the purpose of the link.","notice","<a class=\"register\" href=\"http://www.gpwebsolutions-host.co.uk/14327/patient-opinion/patient-participation-group/\">\n\t\t\t\tFriends &amp; Family Test\n...</a>","html > body > div:nth-child(6) > div > main > div > div:nth-child(3) > div:nth-child(1) > a:nth-child(4)"
"WCAG2AAA.Principle1.Guideline1_4.1_4_6.G17.Fail","This element has insufficient contrast at this conformance level. Expected a contrast ratio of at least 7:1, but text in this element has a contrast ratio of 2.17:1. Recommendation: change background to #904300.","error","<a class=\"update\" href=\"http://www.gpwebsolutions-host.co.uk/14327/clinics-and-services/\">\n\t\t\t\t<img class=\"icon edit\" src...</a>","html > body > div:nth-child(6) > div > main > div > div:nth-child(3) > div:nth-child(1) > a:nth-child(5)"
"WCAG2AAA.Principle2.Guideline2_4.2_4_9.H30","Check that text of the link describes the purpose of the link.","notice","<a class=\"update\" href=\"http://www.gpwebsolutions-host.co.uk/14327/clinics-and-services/\">\n\t\t\t\t<img class=\"icon edit\" src...</a>","html > body > div:nth-child(6) > div > main > div > div:nth-child(3) > div:nth-child(1) > a:nth-child(5)"
"WCAG2AAA.Principle1.Guideline1_1.1_1_1.H37","Img element missing an alt attribute. Use the alt attribute to specify a short text alternative.","error","<img class=\"icon edit\" src=\"https://www.gpwebsolutions-host.co.uk/custom_link_widget/px.gif\">","html > body > div:nth-child(6) > div > main > div > div:nth-child(3) > div:nth-child(1) > a:nth-child(5) > img"
"WCAG2AAA.Principle1.Guideline1_1.1_1_1.G73,G74","If this image cannot be fully described in a short text alternative, ensure a long text alternative is also available, such as in the body text or through a link.","notice","<img class=\"icon edit\" src=\"https://www.gpwebsolutions-host.co.uk/custom_link_widget/px.gif\">","html > body > div:nth-child(6) > div > main > div > div:nth-child(3) > div:nth-child(1) > a:nth-child(5) > img"
"WCAG2AAA.Principle1.Guideline1_4.1_4_6.G17.Fail","This element has insufficient contrast at this conformance level. Expected a contrast ratio of at least 7:1, but text in this element has a contrast ratio of 2.18:1. Recommendation: change background to #006175.","error","<a class=\"reg-sms\" href=\"contact\">\n\t\t\t\t<img class=\"icon sms\" src=...</a>","html > body > div:nth-child(6) > div > main > div > div:nth-child(3) > div:nth-child(1) > a:nth-child(6)"
"WCAG2AAA.Principle2.Guideline2_4.2_4_9.H30","Check that text of the link describes the purpose of the link.","notice","<a class=\"reg-sms\" href=\"contact\">\n\t\t\t\t<img class=\"icon sms\" src=...</a>","html > body > div:nth-child(6) > div > main > div > div:nth-child(3) > div:nth-child(1) > a:nth-child(6)"
"WCAG2AAA.Principle1.Guideline1_1.1_1_1.H37","Img element missing an alt attribute. Use the alt attribute to specify a short text alternative.","error","<img class=\"icon sms\" src=\"https://www.gpwebsolutions-host.co.uk/custom_link_widget/px.gif\">","html > body > div:nth-child(6) > div > main > div > div:nth-child(3) > div:nth-child(1) > a:nth-child(6) > img"
"WCAG2AAA.Principle1.Guideline1_1.1_1_1.G73,G74","If this image cannot be fully described in a short text alternative, ensure a long text alternative is also available, such as in the body text or through a link.","notice","<img class=\"icon sms\" src=\"https://www.gpwebsolutions-host.co.uk/custom_link_widget/px.gif\">","html > body > div:nth-child(6) > div > main > div > div:nth-child(3) > div:nth-child(1) > a:nth-child(6) > img"
"WCAG2AAA.Principle1.Guideline1_4.1_4_6.G17.Fail","This element has insufficient contrast at this conformance level. Expected a contrast ratio of at least 7:1, but text in this element has a contrast ratio of 2.18:1. Recommendation: change background to #006175.","error","<span>CQC</span>","html > body > div:nth-child(6) > div > main > div > div:nth-child(3) > div:nth-child(2) > h2 > span"
"WCAG2AAA.Principle2.Guideline2_4.2_4_1.H64.2","Check that the title attribute of this element contains text that identifies the frame.","notice","<iframe class=\"cqc-widget\" title=\"CQC Widget for St Werburgh Medical Practice\" src=\"https://www.cqc.org.uk/widget_r/1-4551112454\" width=\"100%\" height=\"200px\" border=\"0\" frameborder=\"0\">&lt;p&gt;&lt;a href=\"https://ww...</iframe>","html > body > div:nth-child(6) > div > main > div > div:nth-child(3) > div:nth-child(2) > iframe"
"WCAG2AAA.Principle1.Guideline1_4.1_4_6.G17.Fail","This element has insufficient contrast at this conformance level. Expected a contrast ratio of at least 7:1, but text in this element has a contrast ratio of 2.18:1. Recommendation: change background to #006175.","error","<span>Contact Details</span>","html > body > div:nth-child(6) > div > main > div > div:nth-child(4) > div:nth-child(1) > h2 > span"
"WCAG2AAA.Principle1.Guideline1_4.1_4_6.G17.Fail","This element has insufficient contrast at this conformance level. Expected a contrast ratio of at least 7:1, but text in this element has a contrast ratio of 2.18:1. Recommendation: change background to #006175.","error","<span>Surgery Opening Hours</span>","html > body > div:nth-child(6) > div > main > div > div:nth-child(4) > div:nth-child(2) > h2 > span"
"WCAG2AAA.Principle1.Guideline1_3.1_3_1_AAA.G141","The heading structure is not logically nested. This h4 element should be an h3 to be properly nested.","error","<h4><strong>Hoo</strong></h4>","html > body > div:nth-child(6) > div > main > div > div:nth-child(4) > div:nth-child(2) > h4"
"WCAG2AAA.Principle1.Guideline1_3.1_3_1.LayoutTable","This table appears to be a layout table. If it is meant to instead be a data table, ensure header cells are identified using th elements.","notice","<table style=\"width: 100%;\" border=\"0\">\n<tbody>\n<tr style=\"height: 24p...</table>","html > body > div:nth-child(6) > div > main > div > div:nth-child(4) > div:nth-child(2) > table:nth-child(3)"
"WCAG2AAA.Principle1.Guideline1_3.1_3_1.LayoutTable","This table appears to be a layout table. If it is meant to instead be a data table, ensure header cells are identified using th elements.","notice","<table style=\"width: 100%;\" border=\"0\">\n<tbody>\n<tr style=\"height: 24p...</table>","html > body > div:nth-child(6) > div > main > div > div:nth-child(4) > div:nth-child(2) > table:nth-child(6)"
"WCAG2AAA.Principle1.Guideline1_3.1_3_1.LayoutTable","This table appears to be a layout table. If it is meant to instead be a data table, ensure header cells are identified using th elements.","notice","<table style=\"width: 100%;\" border=\"0\">\n<tbody>\n<tr style=\"height: 24p...</table>","html > body > div:nth-child(6) > div > main > div > div:nth-child(4) > div:nth-child(2) > table:nth-child(8)"
"WCAG2AAA.Principle1.Guideline1_4.1_4_6.G17.Fail","This element has insufficient contrast at this conformance level. Expected a contrast ratio of at least 7:1, but text in this element has a contrast ratio of 2.38:1. Recommendation: change background to #006271.","error","<a href=\"https://www.stwerburgh.co.uk/patient-information/\">Patient Information</a>","#bottom > div:nth-child(1) > div:nth-child(1) > ul > li:nth-child(1) > a"
"WCAG2AAA.Principle2.Guideline2_4.2_4_9.H30","Check that text of the link describes the purpose of the link.","notice","<a href=\"https://www.stwerburgh.co.uk/patient-information/\">Patient Information</a>","#bottom > div:nth-child(1) > div:nth-child(1) > ul > li:nth-child(1) > a"
"WCAG2AAA.Principle1.Guideline1_4.1_4_6.G17.Fail","This element has insufficient contrast at this conformance level. Expected a contrast ratio of at least 7:1, but text in this element has a contrast ratio of 2.38:1. Recommendation: change background to #006271.","error","<a href=\"https://www.stwerburgh.co.uk/news/\">News</a>","#bottom > div:nth-child(1) > div:nth-child(1) > ul > li:nth-child(2) > a"
"WCAG2AAA.Principle2.Guideline2_4.2_4_9.H30","Check that text of the link describes the purpose of the link.","notice","<a href=\"https://www.stwerburgh.co.uk/news/\">News</a>","#bottom > div:nth-child(1) > div:nth-child(1) > ul > li:nth-child(2) > a"
"WCAG2AAA.Principle1.Guideline1_4.1_4_6.G17.Fail","This element has insufficient contrast at this conformance level. Expected a contrast ratio of at least 7:1, but text in this element has a contrast ratio of 2.38:1. Recommendation: change background to #006271.","error","<a href=\"https://www.stwerburgh.co.uk/practice-information/\">Practice Information</a>","#bottom > div:nth-child(1) > div:nth-child(1) > ul > li:nth-child(3) > a"
"WCAG2AAA.Principle2.Guideline2_4.2_4_9.H30","Check that text of the link describes the purpose of the link.","notice","<a href=\"https://www.stwerburgh.co.uk/practice-information/\">Practice Information</a>","#bottom > div:nth-child(1) > div:nth-child(1) > ul > li:nth-child(3) > a"
"WCAG2AAA.Principle1.Guideline1_4.1_4_6.G17.Fail","This element has insufficient contrast at this conformance level. Expected a contrast ratio of at least 7:1, but text in this element has a contrast ratio of 2.38:1. Recommendation: change background to #006271.","error","<a href=\"https://www.stwerburgh.co.uk/health-information/\">Health Information</a>","#bottom > div:nth-child(1) > div:nth-child(1) > ul > li:nth-child(4) > a"
"WCAG2AAA.Principle2.Guideline2_4.2_4_9.H30","Check that text of the link describes the purpose of the link.","notice","<a href=\"https://www.stwerburgh.co.uk/health-information/\">Health Information</a>","#bottom > div:nth-child(1) > div:nth-child(1) > ul > li:nth-child(4) > a"
"WCAG2AAA.Principle1.Guideline1_4.1_4_6.G17.Fail","This element has insufficient contrast at this conformance level. Expected a contrast ratio of at least 7:1, but text in this element has a contrast ratio of 2.38:1. Recommendation: change background to #006271.","error","<a href=\"https://www.stwerburgh.co.uk/self-referrals/\">Self Referrals</a>","#bottom > div:nth-child(1) > div:nth-child(1) > ul > li:nth-child(5) > a"
"WCAG2AAA.Principle2.Guideline2_4.2_4_9.H30","Check that text of the link describes the purpose of the link.","notice","<a href=\"https://www.stwerburgh.co.uk/self-referrals/\">Self Referrals</a>","#bottom > div:nth-child(1) > div:nth-child(1) > ul > li:nth-child(5) > a"
"WCAG2AAA.Principle1.Guideline1_4.1_4_6.G17.Fail","This element has insufficient contrast at this conformance level. Expected a contrast ratio of at least 7:1, but text in this element has a contrast ratio of 2.38:1. Recommendation: change background to #006271.","error","<a href=\"https://www.stwerburgh.co.uk/clinics-and-services/\">Clinics and Services</a>","#bottom > div:nth-child(1) > div:nth-child(1) > ul > li:nth-child(6) > a"
"WCAG2AAA.Principle2.Guideline2_4.2_4_9.H30","Check that text of the link describes the purpose of the link.","notice","<a href=\"https://www.stwerburgh.co.uk/clinics-and-services/\">Clinics and Services</a>","#bottom > div:nth-child(1) > div:nth-child(1) > ul > li:nth-child(6) > a"
"WCAG2AAA.Principle1.Guideline1_4.1_4_6.G17.Fail","This element has insufficient contrast at this conformance level. Expected a contrast ratio of at least 7:1, but text in this element has a contrast ratio of 2.38:1. Recommendation: change background to #006271.","error","<a href=\"https://www.stwerburgh.co.uk/patient-opinion/\">Patient Opinion</a>","#bottom > div:nth-child(1) > div:nth-child(1) > ul > li:nth-child(7) > a"
"WCAG2AAA.Principle2.Guideline2_4.2_4_9.H30","Check that text of the link describes the purpose of the link.","notice","<a href=\"https://www.stwerburgh.co.uk/patient-opinion/\">Patient Opinion</a>","#bottom > div:nth-child(1) > div:nth-child(1) > ul > li:nth-child(7) > a"
"WCAG2AAA.Principle1.Guideline1_4.1_4_6.G17.Fail","This element has insufficient contrast at this conformance level. Expected a contrast ratio of at least 7:1, but text in this element has a contrast ratio of 2.38:1. Recommendation: change background to #006271.","error","<a href=\"https://www.stwerburgh.co.uk/contact/\">Contact</a>","#bottom > div:nth-child(1) > div:nth-child(1) > ul > li:nth-child(8) > a"
"WCAG2AAA.Principle2.Guideline2_4.2_4_9.H30","Check that text of the link describes the purpose of the link.","notice","<a href=\"https://www.stwerburgh.co.uk/contact/\">Contact</a>","#bottom > div:nth-child(1) > div:nth-child(1) > ul > li:nth-child(8) > a"
"WCAG2AAA.Principle1.Guideline1_3.1_3_1.H48","If this element contains a navigation section, it is recommended that it be marked up as a list.","warning","<div class=\"footerWidget footerLinks\"><a href=\"http://www.nhs.uk/111\"...</div>","#bottom > div:nth-child(1) > div:nth-child(3) > div"
"WCAG2AAA.Principle2.Guideline2_4.2_4_9.H30","Check that text of the link describes the purpose of the link.","notice","<a href=\"http://www.nhs.uk/111\" target=\"_blank\">\n\t\t\t\t\t\t<img src=\"https://www.gp...</a>","#bottom > div:nth-child(1) > div:nth-child(3) > div > a:nth-child(1)"
"WCAG2AAA.Principle3.Guideline3_2.3_2_5.H83.3","Check that this link's link text contains information indicating that the link will open in a new window.","warning","<a href=\"http://www.nhs.uk/111\" target=\"_blank\">\n\t\t\t\t\t\t<img src=\"https://www.gp...</a>","#bottom > div:nth-child(1) > div:nth-child(3) > div > a:nth-child(1)"
"WCAG2AAA.Principle1.Guideline1_1.1_1_1.G94.Image","Ensure that the img element's alt text serves the same purpose and presents the same information as the image.","notice","<img src=\"https://www.gpwebsolutions-host.co.uk/wp-content/themes/GPWS 2013/gfx/nhsdirect.png\" alt=\"Footer link\">","#bottom > div:nth-child(1) > div:nth-child(3) > div > a:nth-child(1) > img"
"WCAG2AAA.Principle1.Guideline1_1.1_1_1.G73,G74","If this image cannot be fully described in a short text alternative, ensure a long text alternative is also available, such as in the body text or through a link.","notice","<img src=\"https://www.gpwebsolutions-host.co.uk/wp-content/themes/GPWS 2013/gfx/nhsdirect.png\" alt=\"Footer link\">","#bottom > div:nth-child(1) > div:nth-child(3) > div > a:nth-child(1) > img"
"WCAG2AAA.Principle2.Guideline2_4.2_4_9.H30","Check that text of the link describes the purpose of the link.","notice","<a href=\"http://www.nhs.uk/choiceintheNHS/Rightsandpledges/NHSConstitution/Pages/Overview.aspx\" target=\"_blank\">\n\t\t\t\t\t\t<img src=\"https://www.gp...</a>","#bottom > div:nth-child(1) > div:nth-child(3) > div > a:nth-child(2)"
"WCAG2AAA.Principle3.Guideline3_2.3_2_5.H83.3","Check that this link's link text contains information indicating that the link will open in a new window.","warning","<a href=\"http://www.nhs.uk/choiceintheNHS/Rightsandpledges/NHSConstitution/Pages/Overview.aspx\" target=\"_blank\">\n\t\t\t\t\t\t<img src=\"https://www.gp...</a>","#bottom > div:nth-child(1) > div:nth-child(3) > div > a:nth-child(2)"
"WCAG2AAA.Principle1.Guideline1_1.1_1_1.G94.Image","Ensure that the img element's alt text serves the same purpose and presents the same information as the image.","notice","<img src=\"https://www.gpwebsolutions-host.co.uk/wp-content/themes/GPWS 2013/gfx/nhsconstitution.png\" alt=\"Footer link\">","#bottom > div:nth-child(1) > div:nth-child(3) > div > a:nth-child(2) > img"
"WCAG2AAA.Principle1.Guideline1_1.1_1_1.G73,G74","If this image cannot be fully described in a short text alternative, ensure a long text alternative is also available, such as in the body text or through a link.","notice","<img src=\"https://www.gpwebsolutions-host.co.uk/wp-content/themes/GPWS 2013/gfx/nhsconstitution.png\" alt=\"Footer link\">","#bottom > div:nth-child(1) > div:nth-child(3) > div > a:nth-child(2) > img"
"WCAG2AAA.Principle2.Guideline2_4.2_4_9.H30","Check that text of the link describes the purpose of the link.","notice","<a href=\"https://www.cqc.org.uk/location/1-565650623\" target=\"_blank\">\n\t\t\t\t\t\t<img src=\"https://www.gp...</a>","#bottom > div:nth-child(1) > div:nth-child(3) > div > a:nth-child(3)"
"WCAG2AAA.Principle3.Guideline3_2.3_2_5.H83.3","Check that this link's link text contains information indicating that the link will open in a new window.","warning","<a href=\"https://www.cqc.org.uk/location/1-565650623\" target=\"_blank\">\n\t\t\t\t\t\t<img src=\"https://www.gp...</a>","#bottom > div:nth-child(1) > div:nth-child(3) > div > a:nth-child(3)"
"WCAG2AAA.Principle1.Guideline1_1.1_1_1.G94.Image","Ensure that the img element's alt text serves the same purpose and presents the same information as the image.","notice","<img src=\"https://www.gpwebsolutions-host.co.uk/wp-content/themes/GPWS 2013/gfx/cqc.png\" alt=\"Footer link\">","#bottom > div:nth-child(1) > div:nth-child(3) > div > a:nth-child(3) > img"
"WCAG2AAA.Principle1.Guideline1_1.1_1_1.G73,G74","If this image cannot be fully described in a short text alternative, ensure a long text alternative is also available, such as in the body text or through a link.","notice","<img src=\"https://www.gpwebsolutions-host.co.uk/wp-content/themes/GPWS 2013/gfx/cqc.png\" alt=\"Footer link\">","#bottom > div:nth-child(1) > div:nth-child(3) > div > a:nth-child(3) > img"
"WCAG2AAA.Principle1.Guideline1_4.1_4_6.G17.Fail","This element has insufficient contrast at this conformance level. Expected a contrast ratio of at least 7:1, but text in this element has a contrast ratio of 2.38:1. Recommendation: change background to #006271.","error","<a href=\"https://www.stwerburgh.co.uk\">St Werburgh Medical Practice</a>","#bottom > div:nth-child(2) > div:nth-child(1) > a"
"WCAG2AAA.Principle2.Guideline2_4.2_4_9.H30","Check that text of the link describes the purpose of the link.","notice","<a href=\"https://www.stwerburgh.co.uk\">St Werburgh Medical Practice</a>","#bottom > div:nth-child(2) > div:nth-child(1) > a"
"WCAG2AAA.Principle1.Guideline1_4.1_4_6.G17.Fail","This element has insufficient contrast at this conformance level. Expected a contrast ratio of at least 7:1, but text in this element has a contrast ratio of 2.38:1. Recommendation: change background to #006271.","error","<div class=\"col-sm-4 col-xs-4 footer2\">\n\t\t\t\t\t\t\t\t\t<a href=\"https://www....</div>","#bottom > div:nth-child(2) > div:nth-child(2)"
"WCAG2AAA.Principle1.Guideline1_3.1_3_1.H48","If this element contains a navigation section, it is recommended that it be marked up as a list.","warning","<div class=\"col-sm-4 col-xs-4 footer2\">\n\t\t\t\t\t\t\t\t\t<a href=\"https://www....</div>","#bottom > div:nth-child(2) > div:nth-child(2)"
"WCAG2AAA.Principle1.Guideline1_4.1_4_6.G17.Fail","This element has insufficient contrast at this conformance level. Expected a contrast ratio of at least 7:1, but text in this element has a contrast ratio of 2.38:1. Recommendation: change background to #006271.","error","<a href=\"https://www.stwerburgh.co.uk/disclaimer\">Disclaimer</a>","#bottom > div:nth-child(2) > div:nth-child(2) > a:nth-child(1)"
"WCAG2AAA.Principle2.Guideline2_4.2_4_9.H30","Check that text of the link describes the purpose of the link.","notice","<a href=\"https://www.stwerburgh.co.uk/disclaimer\">Disclaimer</a>","#bottom > div:nth-child(2) > div:nth-child(2) > a:nth-child(1)"
"WCAG2AAA.Principle1.Guideline1_4.1_4_6.G17.Fail","This element has insufficient contrast at this conformance level. Expected a contrast ratio of at least 7:1, but text in this element has a contrast ratio of 2.38:1. Recommendation: change background to #006271.","error","<a href=\"http://analytics.gpwebsolutions.co.uk/index.php?module=CoreAdminHome&amp;action=optOut&amp;language=en\">Cookies</a>","#bottom > div:nth-child(2) > div:nth-child(2) > a:nth-child(2)"
"WCAG2AAA.Principle2.Guideline2_4.2_4_9.H30","Check that text of the link describes the purpose of the link.","notice","<a href=\"http://analytics.gpwebsolutions.co.uk/index.php?module=CoreAdminHome&amp;action=optOut&amp;language=en\">Cookies</a>","#bottom > div:nth-child(2) > div:nth-child(2) > a:nth-child(2)"
"WCAG2AAA.Principle1.Guideline1_1.1_1_1.H30.2","Img element is the only content of the link, but is missing alt text. The alt text should describe the purpose of the link.","error","<a href=\"http://www.gpwebsolutions.co.uk/\"><img src=\"https://www.stwerburg...</a>","#bottom > div:nth-child(2) > div:nth-child(3) > a"
"WCAG2AAA.Principle2.Guideline2_4.2_4_9.H30","Check that text of the link describes the purpose of the link.","notice","<a href=\"http://www.gpwebsolutions.co.uk/\"><img src=\"https://www.stwerburg...</a>","#bottom > div:nth-child(2) > div:nth-child(3) > a"
"WCAG2AAA.Principle1.Guideline1_1.1_1_1.G73,G74","If this image cannot be fully described in a short text alternative, ensure a long text alternative is also available, such as in the body text or through a link.","notice","<img src=\"https://www.stwerburgh.co.uk/wp-content/themes/GPWS-2015/img/bygpweb.png\">","#bottom > div:nth-child(2) > div:nth-child(3) > a > img"
"WCAG2AAA.Principle1.Guideline1_4.1_4_3_F24.F24.BGColour","Check that this element has an inherited foreground colour to complement the corresponding inline background colour or image.","warning","<div class=\"notifybar_topsec\" style=\"background-color:#0F67A1\">\n\t\t\t<div class=\"notifybar_cente...</div>","#notifybar > div"
"WCAG2AAA.Principle1.Guideline1_4.1_4_6.G17.Fail","This element has insufficient contrast at this conformance level. Expected a contrast ratio of at least 7:1, but text in this element has a contrast ratio of 5.79:1. Recommendation: change background to #015993.","error","<div class=\"notifybar_block\">Got the flu? No need to visit y...</div>","#notifybar > div > div > div"
"WCAG2AAA.Principle4.Guideline4_1.4_1_2.H91.A.NoContent","Anchor element found with a valid href attribute, but no link content has been supplied.","error","<a href=\"javascript:void(0)\" class=\"notifybar_close\"></a>","#notifybar > div > a"
"WCAG2AAA.Principle2.Guideline2_4.2_4_9.H30","Check that text of the link describes the purpose of the link.","notice","<a href=\"javascript:void(0)\" class=\"notifybar_close\"></a>","#notifybar > div > a"
"WCAG2AAA.Principle1.Guideline1_4.1_4_3_F24.F24.BGColour","Check that this element has an inherited foreground colour to complement the corresponding inline background colour or image.","warning","<a href=\"javascript:void(0)\" class=\"notifybar_botsec\" style=\"background-color: rgb(15, 103, 161); display: none;\"></a>","#notifybar > a"
"WCAG2AAA.Principle4.Guideline4_1.4_1_2.H91.A.NoContent","Anchor element found with a valid href attribute, but no link content has been supplied.","error","<a href=\"javascript:void(0)\" class=\"notifybar_botsec\" style=\"background-color: rgb(15, 103, 161); display: none;\"></a>","#notifybar > a"
"WCAG2AAA.Principle2.Guideline2_4.2_4_9.H30","Check that text of the link describes the purpose of the link.","notice","<a href=\"javascript:void(0)\" class=\"notifybar_botsec\" style=\"background-color: rgb(15, 103, 161); display: none;\"></a>","#notifybar > a"
"WCAG2AAA.Principle2.Guideline2_4.2_4_8.H59.1","Link elements can only be located in the head section of the document.","error","<link rel=\"stylesheet\" id=\"notifybar-css\" href=\"https://www.stwerburgh.co.uk/wp-content/plugins/notification-bar/css/notifybar.css?ver=660\" type=\"text/css\" media=\"all\">","#notifybar-css"
"WCAG2AAA.Principle1.Guideline1_1.1_1_1.G94.Image","Ensure that the img element's alt text serves the same purpose and presents the same information as the image.","notice","<img src=\"https://www.gstatic.com/images/branding/product/1x/translate_24dp.png\" width=\"20\" height=\"20\" alt=\"Google 翻译\">","#goog-gt-tt > div:nth-child(1) > div > div > img"
"WCAG2AAA.Principle1.Guideline1_1.1_1_1.G73,G74","If this image cannot be fully described in a short text alternative, ensure a long text alternative is also available, such as in the body text or through a link.","notice","<img src=\"https://www.gstatic.com/images/branding/product/1x/translate_24dp.png\" width=\"20\" height=\"20\" alt=\"Google 翻译\">","#goog-gt-tt > div:nth-child(1) > div > div > img"
"WCAG2AAA.Principle2.Guideline2_4.2_4_1.H64.2","Check that the title attribute of this element contains text that identifies the frame.","notice","<iframe frameborder=\"0\" class=\"goog-te-menu-frame skiptranslate\" title=\"语言翻译微件\" style=\"visibility: visible; box-sizing: content-box; width: 581px; height: 263px; display: none;\"></iframe>","html > body > iframe:nth-child(22)"
"WCAG2AAA.Principle2.Guideline2_4.2_4_1.H64.2","Check that the title attribute of this element contains text that identifies the frame.","notice","<iframe frameborder=\"0\" class=\"goog-te-menu-frame skiptranslate\" title=\"语言翻译微件\" style=\"visibility: visible; box-sizing: content-box; width: 581px; height: 263px; display: none;\"></iframe>","html > body > iframe:nth-child(23)"
"WCAG2AAA.Principle2.Guideline2_4.2_4_1.H64.2","Check that the title attribute of this element contains text that identifies the frame.","notice","<iframe frameborder=\"0\" class=\"goog-te-menu-frame skiptranslate\" title=\"语言翻译微件\" style=\"visibility: visible; box-sizing: content-box; width: 135px; height: 69px; display: none;\"></iframe>","html > body > iframe:nth-child(24)"