"code","message","type","context","selector"
"WCAG2AAA.Principle2.Guideline2_4.2_4_2.H25.2","Check that the title element describes the document.","notice","<title>Broadmead Surgery | NHS GP Surg...</title>","html > head > title"
"WCAG2AAA.Principle1.Guideline1_1.1_1_1.G94.Image","Ensure that the img element's alt text serves the same purpose and presents the same information as the image.","notice","<img src=\"https://www.gstatic.com/images/branding/product/1x/translate_24dp.png\" width=\"20\" height=\"20\" alt=\"Google 翻译\">","#goog-gt-tt > div:nth-child(1) > div > div > img"
"WCAG2AAA.Principle1.Guideline1_1.1_1_1.G73,G74","If this image cannot be fully described in a short text alternative, ensure a long text alternative is also available, such as in the body text or through a link.","notice","<img src=\"https://www.gstatic.com/images/branding/product/1x/translate_24dp.png\" width=\"20\" height=\"20\" alt=\"Google 翻译\">","#goog-gt-tt > div:nth-child(1) > div > div > img"
"WCAG2AAA.Principle2.Guideline2_4.2_4_9.H30","Check that text of the link describes the purpose of the link.","notice","<a href=\"https://www.broadmeadsurgery.co.uk/\" title=\"Broadmead Surgery\" rel=\"home\">\n    \t\t\t\t\t\t\t <div id=\"header-si...</a>","#header-logo > div > a"
"WCAG2AAA.Principle1.Guideline1_4.1_4_6.G17.Abs","This element is absolutely positioned and the background color can not be determined. Ensure the contrast ratio between the text and all covered parts of the background are at least 7:1.","warning","<h2>Online Services - <span class=\"...</h2>","#header-online > h2"
"WCAG2AAA.Principle1.Guideline1_4.1_4_6.G17.Abs","This element is absolutely positioned and the background color can not be determined. Ensure the contrast ratio between the text and all covered parts of the background are at least 7:1.","warning","<span class=\"ols-name\">SystmOnline</span>","#header-online > h2 > span"
"WCAG2AAA.Principle1.Guideline1_4.1_4_6.G17.Fail","This element has insufficient contrast at this conformance level. Expected a contrast ratio of at least 7:1, but text in this element has a contrast ratio of 3.47:1. Recommendation: change background to #006177.","error","<a href=\"/practice-info/online-services/\">Register</a>","#header-ols-register > div > p > a"
"WCAG2AAA.Principle2.Guideline2_4.2_4_9.H30","Check that text of the link describes the purpose of the link.","notice","<a href=\"/practice-info/online-services/\">Register</a>","#header-ols-register > div > p > a"
"WCAG2AAA.Principle1.Guideline1_4.1_4_6.G17.Fail","This element has insufficient contrast at this conformance level. Expected a contrast ratio of at least 7:1, but text in this element has a contrast ratio of 3.47:1. Recommendation: change background to #006177.","error","<a href=\"https://systmonline.tpp-uk.com/2/Login?Date=20171030092910\" target=\"_blank\">Log On</a>","#header-ols-login > div > p > a"
"WCAG2AAA.Principle2.Guideline2_4.2_4_9.H30","Check that text of the link describes the purpose of the link.","notice","<a href=\"https://systmonline.tpp-uk.com/2/Login?Date=20171030092910\" target=\"_blank\">Log On</a>","#header-ols-login > div > p > a"
"WCAG2AAA.Principle3.Guideline3_2.3_2_5.H83.3","Check that this link's link text contains information indicating that the link will open in a new window.","warning","<a href=\"https://systmonline.tpp-uk.com/2/Login?Date=20171030092910\" target=\"_blank\">Log On</a>","#header-ols-login > div > p > a"
"WCAG2AAA.Principle1.Guideline1_1.1_1_1.H67.2","Img element is marked so that it is ignored by Assistive Technology.","warning","<img src=\"https://www.google.com/images/cleardot.gif\" class=\"goog-te-gadget-icon\" alt=\"\" style=\"background-image: url(https://translate.googleapis.com/translate_static/img/te_ctrl3.gif); background-position: -65px 0px;\">","#:0.targetLanguage > img"
"WCAG2AAA.Principle1.Guideline1_4.1_4_3_F24.F24.BGColour","Check that this element has an inherited foreground colour to complement the corresponding inline background colour or image.","warning","<img src=\"https://www.google.com/images/cleardot.gif\" class=\"goog-te-gadget-icon\" alt=\"\" style=\"background-image: url(https://translate.googleapis.com/translate_static/img/te_ctrl3.gif); background-position: -65px 0px;\">","#:0.targetLanguage > img"
"WCAG2AAA.Principle1.Guideline1_1.1_1_1.G73,G74","If this image cannot be fully described in a short text alternative, ensure a long text alternative is also available, such as in the body text or through a link.","notice","<img src=\"https://www.google.com/images/cleardot.gif\" class=\"goog-te-gadget-icon\" alt=\"\" style=\"background-image: url(https://translate.googleapis.com/translate_static/img/te_ctrl3.gif); background-position: -65px 0px;\">","#:0.targetLanguage > img"
"WCAG2AAA.Principle2.Guideline2_4.2_4_9.H30","Check that text of the link describes the purpose of the link.","notice","<a aria-haspopup=\"true\" class=\"goog-te-menu-value\" href=\"javascript:void(0)\"><span></span><img src=\"https://...</a>","#:0.targetLanguage > span > a"
"WCAG2AAA.Principle1.Guideline1_1.1_1_1.H67.2","Img element is marked so that it is ignored by Assistive Technology.","warning","<img src=\"https://www.google.com/images/cleardot.gif\" alt=\"\" width=\"1\" height=\"1\">","#:0.targetLanguage > span > a > img:nth-child(2)"
"WCAG2AAA.Principle1.Guideline1_1.1_1_1.G73,G74","If this image cannot be fully described in a short text alternative, ensure a long text alternative is also available, such as in the body text or through a link.","notice","<img src=\"https://www.google.com/images/cleardot.gif\" alt=\"\" width=\"1\" height=\"1\">","#:0.targetLanguage > span > a > img:nth-child(2)"
"WCAG2AAA.Principle1.Guideline1_1.1_1_1.H67.2","Img element is marked so that it is ignored by Assistive Technology.","warning","<img src=\"https://www.google.com/images/cleardot.gif\" alt=\"\" width=\"1\" height=\"1\">","#:0.targetLanguage > span > a > img:nth-child(4)"
"WCAG2AAA.Principle1.Guideline1_1.1_1_1.G73,G74","If this image cannot be fully described in a short text alternative, ensure a long text alternative is also available, such as in the body text or through a link.","notice","<img src=\"https://www.google.com/images/cleardot.gif\" alt=\"\" width=\"1\" height=\"1\">","#:0.targetLanguage > span > a > img:nth-child(4)"
"WCAG2AAA.Principle4.Guideline4_1.4_1_2.H91.InputText.Name","This text input element does not have a name available to an accessibility API. Valid names are: label element, title attribute, aria-label attribute, aria-labelledby attribute.","error","<input id=\"sp_autocomplete_term\" autocomplete=\"off\" value=\"Search...\" class=\"sp_autocomplete_initial\">","#sp_autocomplete_term"
"WCAG2AAA.Principle1.Guideline1_3.1_3_1.F68","This form field should be labelled in some way. Use the label element (either with a \"for\" attribute or wrapped around the form field), or \"title\", \"aria-label\" or \"aria-labelledby\" attributes as appropriate.","error","<input id=\"sp_autocomplete_term\" autocomplete=\"off\" value=\"Search...\" class=\"sp_autocomplete_initial\">","#sp_autocomplete_term"
"WCAG2AAA.Principle3.Guideline3_2.3_2_1.G107","Check that a change of context does not occur when this input field receives focus.","notice","<input id=\"sp_autocomplete_term\" autocomplete=\"off\" value=\"Search...\" class=\"sp_autocomplete_initial\">","#sp_autocomplete_term"
"WCAG2AAA.Principle1.Guideline1_4.1_4_6.G17.Abs","This element is absolutely positioned and the background color can not be determined. Ensure the contrast ratio between the text and all covered parts of the background are at least 7:1.","warning","<a href=\"http://www.cqc.org.uk/location/1-2711466738\" target=\"_blank\">CQC Inspected and Rated<p></p>\n...</a>","#header-cqc-rating > div > div:nth-child(1) > a"
"WCAG2AAA.Principle2.Guideline2_4.2_4_9.H30","Check that text of the link describes the purpose of the link.","notice","<a href=\"http://www.cqc.org.uk/location/1-2711466738\" target=\"_blank\">CQC Inspected and Rated<p></p>\n...</a>","#header-cqc-rating > div > div:nth-child(1) > a"
"WCAG2AAA.Principle3.Guideline3_2.3_2_5.H83.3","Check that this link's link text contains information indicating that the link will open in a new window.","warning","<a href=\"http://www.cqc.org.uk/location/1-2711466738\" target=\"_blank\">CQC Inspected and Rated<p></p>\n...</a>","#header-cqc-rating > div > div:nth-child(1) > a"
"WCAG2AAA.Principle2.Guideline2_4.2_4_9.H30","Check that text of the link describes the purpose of the link.","notice","<a href=\"http://www.cqc.org.uk/location/1-2711466738\" target=\"_blank\"><strong>Good</strong></a>","#header-cqc-rating > div > div:nth-child(1) > p > a"
"WCAG2AAA.Principle3.Guideline3_2.3_2_5.H83.3","Check that this link's link text contains information indicating that the link will open in a new window.","warning","<a href=\"http://www.cqc.org.uk/location/1-2711466738\" target=\"_blank\"><strong>Good</strong></a>","#header-cqc-rating > div > div:nth-child(1) > p > a"
"WCAG2AAA.Principle1.Guideline1_4.1_4_6.G17.Fail","This element has insufficient contrast at this conformance level. Expected a contrast ratio of at least 7:1, but text in this element has a contrast ratio of 3.2:1. Recommendation: change background to #076800.","error","<strong>Good</strong>","#header-cqc-rating > div > div:nth-child(1) > p > a > strong"
"WCAG2AAA.Principle2.Guideline2_4.2_4_9.H30","Check that text of the link describes the purpose of the link.","notice","<a href=\"http://www.ealingccg.nhs.uk/\" title=\"Ealing CCG\" target=\"blank\">\n                  \t<img src=\"h...</a>","#nhs-img > a"
"WCAG2AAA.Principle1.Guideline1_1.1_1_1.G94.Image","Ensure that the img element's alt text serves the same purpose and presents the same information as the image.","notice","<img src=\"https://www.broadmeadsurgery.co.uk/wp-content/themes/broadmead/images/nhslogo.jpg\" alt=\"Ealing CCG\">","#nhs-img > a > img"
"WCAG2AAA.Principle1.Guideline1_1.1_1_1.G73,G74","If this image cannot be fully described in a short text alternative, ensure a long text alternative is also available, such as in the body text or through a link.","notice","<img src=\"https://www.broadmeadsurgery.co.uk/wp-content/themes/broadmead/images/nhslogo.jpg\" alt=\"Ealing CCG\">","#nhs-img > a > img"
"WCAG2AAA.Principle1.Guideline1_4.1_4_6.G17.Fail","This element has insufficient contrast at this conformance level. Expected a contrast ratio of at least 7:1, but text in this element has a contrast ratio of 3.47:1. Recommendation: change background to #006177.","error","<div class=\"nav-toggle toggle-btn\"><i class=\"icon-menu\"></i>Menu</div>","#container > div:nth-child(2)"
"WCAG2AAA.Principle2.Guideline2_4.2_4_9.H30","Check that text of the link describes the purpose of the link.","notice","<a href=\"https://www.broadmeadsurgery.co.uk/\"><i class=\"icon-home\"></i>Home</a>","#menu-item-12 > a"
"WCAG2AAA.Principle2.Guideline2_4.2_4_9.H30","Check that text of the link describes the purpose of the link.","notice","<a href=\"https://www.broadmeadsurgery.co.uk/appointments/opening-times/\"><i class=\"icon-clock\"></i>Openi...</a>","#menu-item-2029 > a"
"WCAG2AAA.Principle2.Guideline2_4.2_4_9.H30","Check that text of the link describes the purpose of the link.","notice","<a href=\"https://www.broadmeadsurgery.co.uk/appointments/\"><i class=\"icon-calendar\"></i>Ap...</a>","#menu-item-13 > a"
"WCAG2AAA.Principle2.Guideline2_4.2_4_9.H30","Check that text of the link describes the purpose of the link.","notice","<a title=\"How to make an appointment\" href=\"https://www.broadmeadsurgery.co.uk/appointments/\">How to make an appointment</a>","#menu-item-1320 > a"
"WCAG2AAA.Principle2.Guideline2_4.2_4_9.H30","Check that text of the link describes the purpose of the link.","notice","<a href=\"https://www.broadmeadsurgery.co.uk/appointments/opening-times/\">Opening Times</a>","#menu-item-151 > a"
"WCAG2AAA.Principle2.Guideline2_4.2_4_9.H30","Check that text of the link describes the purpose of the link.","notice","<a href=\"https://www.broadmeadsurgery.co.uk/appointments/out-of-hours/\">Out of Hours</a>","#menu-item-239 > a"
"WCAG2AAA.Principle2.Guideline2_4.2_4_9.H30","Check that text of the link describes the purpose of the link.","notice","<a href=\"https://www.broadmeadsurgery.co.uk/appointments/ealing-gp-access-centres/\">Ealing GP Access Centres</a>","#menu-item-979 > a"
"WCAG2AAA.Principle2.Guideline2_4.2_4_9.H30","Check that text of the link describes the purpose of the link.","notice","<a href=\"https://www.broadmeadsurgery.co.uk/appointments/emergencies/\">Emergencies</a>","#menu-item-222 > a"
"WCAG2AAA.Principle2.Guideline2_4.2_4_9.H30","Check that text of the link describes the purpose of the link.","notice","<a href=\"https://www.broadmeadsurgery.co.uk/appointments/cancelling-your-appointment/\">Cancelling Your Appointment</a>","#menu-item-225 > a"
"WCAG2AAA.Principle2.Guideline2_4.2_4_9.H30","Check that text of the link describes the purpose of the link.","notice","<a href=\"https://www.broadmeadsurgery.co.uk/appointments/home-visits/\">Home Visits</a>","#menu-item-230 > a"
"WCAG2AAA.Principle2.Guideline2_4.2_4_9.H30","Check that text of the link describes the purpose of the link.","notice","<a href=\"https://www.broadmeadsurgery.co.uk/appointments/making-the-best-of-your-appointment/\">Making the Best of Your Appoint...</a>","#menu-item-234 > a"
"WCAG2AAA.Principle2.Guideline2_4.2_4_9.H30","Check that text of the link describes the purpose of the link.","notice","<a href=\"https://www.broadmeadsurgery.co.uk/prescriptions/\"><i class=\"icon-prescriptions\"><...</a>","#menu-item-107 > a"
"WCAG2AAA.Principle2.Guideline2_4.2_4_9.H30","Check that text of the link describes the purpose of the link.","notice","<a title=\"How to request a Repeat Prescri...\" href=\"https://www.broadmeadsurgery.co.uk/prescriptions/\">How to request a Repeat Prescription</a>","#menu-item-1321 > a"
"WCAG2AAA.Principle2.Guideline2_4.2_4_9.H30","Check that text of the link describes the purpose of the link.","notice","<a href=\"https://www.broadmeadsurgery.co.uk/prescriptions/emergency-prescription-requests/\">Emergency Prescription Requests</a>","#menu-item-281 > a"
"WCAG2AAA.Principle2.Guideline2_4.2_4_9.H30","Check that text of the link describes the purpose of the link.","notice","<a href=\"https://www.broadmeadsurgery.co.uk/prescriptions/non-repeat-prescription/requesting-medication-early/\">Requesting medication early</a>","#menu-item-2177 > a"
"WCAG2AAA.Principle2.Guideline2_4.2_4_9.H30","Check that text of the link describes the purpose of the link.","notice","<a href=\"https://www.broadmeadsurgery.co.uk/prescriptions/new-patient-prescriptions/\">New Patient Prescriptions</a>","#menu-item-293 > a"
"WCAG2AAA.Principle2.Guideline2_4.2_4_9.H30","Check that text of the link describes the purpose of the link.","notice","<a href=\"https://www.broadmeadsurgery.co.uk/prescriptions/prescriptions-information/\">Prescriptions Information</a>","#menu-item-697 > a"
"WCAG2AAA.Principle2.Guideline2_4.2_4_9.H30","Check that text of the link describes the purpose of the link.","notice","<a href=\"https://www.broadmeadsurgery.co.uk/prescriptions/prescribing-wisely/\">Prescribing Wisely</a>","#menu-item-1987 > a"
"WCAG2AAA.Principle2.Guideline2_4.2_4_9.H30","Check that text of the link describes the purpose of the link.","notice","<a href=\"https://www.broadmeadsurgery.co.uk/prescriptions/non-repeat-prescription/\">Non-Repeat Prescriptions</a>","#menu-item-794 > a"
"WCAG2AAA.Principle2.Guideline2_4.2_4_9.H30","Check that text of the link describes the purpose of the link.","notice","<a href=\"https://www.broadmeadsurgery.co.uk/prescriptions/nominate-a-pharmacy/\">Nominate a Pharmacy</a>","#menu-item-818 > a"
"WCAG2AAA.Principle2.Guideline2_4.2_4_9.H30","Check that text of the link describes the purpose of the link.","notice","<a href=\"https://www.broadmeadsurgery.co.uk/prescriptions/prescription-costs/\">Prescription Costs</a>","#menu-item-800 > a"
"WCAG2AAA.Principle2.Guideline2_4.2_4_9.H30","Check that text of the link describes the purpose of the link.","notice","<a href=\"https://www.broadmeadsurgery.co.uk/prescriptions/private-prescriptions/\">Private Prescriptions</a>","#menu-item-804 > a"
"WCAG2AAA.Principle2.Guideline2_4.2_4_9.H30","Check that text of the link describes the purpose of the link.","notice","<a href=\"https://www.broadmeadsurgery.co.uk/practice-services/\"><i class=\"icon-asterisk\"></i>Pr...</a>","#menu-item-106 > a"
"WCAG2AAA.Principle2.Guideline2_4.2_4_9.H30","Check that text of the link describes the purpose of the link.","notice","<a href=\"https://www.broadmeadsurgery.co.uk/practice-services/surgery-clinics/\">Surgery Clinics</a>","#menu-item-992 > a"
"WCAG2AAA.Principle2.Guideline2_4.2_4_9.H30","Check that text of the link describes the purpose of the link.","notice","<a href=\"https://www.broadmeadsurgery.co.uk/practice-services/anti-coagulation/\">Anti-Coagulation</a>","#menu-item-1705 > a"
"WCAG2AAA.Principle2.Guideline2_4.2_4_9.H30","Check that text of the link describes the purpose of the link.","notice","<a href=\"https://www.broadmeadsurgery.co.uk/practice-services/cancer-screening/\">Cancer Screening</a>","#menu-item-1708 > a"
"WCAG2AAA.Principle2.Guideline2_4.2_4_9.H30","Check that text of the link describes the purpose of the link.","notice","<a href=\"https://www.broadmeadsurgery.co.uk/practice-services/childrens-health/\">Children’s Health</a>","#menu-item-1916 > a"
"WCAG2AAA.Principle2.Guideline2_4.2_4_9.H30","Check that text of the link describes the purpose of the link.","notice","<a href=\"https://www.broadmeadsurgery.co.uk/practice-services/managing-chronic-diseases/\">Managing Chronic Diseases</a>","#menu-item-193 > a"
"WCAG2AAA.Principle2.Guideline2_4.2_4_9.H30","Check that text of the link describes the purpose of the link.","notice","<a href=\"https://www.broadmeadsurgery.co.uk/practice-services/mens-health/\">Men’s Health</a>","#menu-item-199 > a"
"WCAG2AAA.Principle2.Guideline2_4.2_4_9.H30","Check that text of the link describes the purpose of the link.","notice","<a href=\"https://www.broadmeadsurgery.co.uk/practice-services/minor-surgery/\">Minor Surgery</a>","#menu-item-1352 > a"
"WCAG2AAA.Principle2.Guideline2_4.2_4_9.H30","Check that text of the link describes the purpose of the link.","notice","<a href=\"https://www.broadmeadsurgery.co.uk/practice-services/nhs-health-checks/\">NHS Health Checks</a>","#menu-item-1353 > a"
"WCAG2AAA.Principle2.Guideline2_4.2_4_9.H30","Check that text of the link describes the purpose of the link.","notice","<a href=\"https://www.broadmeadsurgery.co.uk/practice-services/private-services/\">Non-NHS Work</a>","#menu-item-968 > a"
"WCAG2AAA.Principle2.Guideline2_4.2_4_9.H30","Check that text of the link describes the purpose of the link.","notice","<a href=\"https://www.broadmeadsurgery.co.uk/practice-services/planning-a-family/\">Planning a Family</a>","#menu-item-202 > a"
"WCAG2AAA.Principle2.Guideline2_4.2_4_9.H30","Check that text of the link describes the purpose of the link.","notice","<a href=\"https://www.broadmeadsurgery.co.uk/practice-services/sickness-certificates/\">Sickness Certificates</a>","#menu-item-1354 > a"
"WCAG2AAA.Principle2.Guideline2_4.2_4_9.H30","Check that text of the link describes the purpose of the link.","notice","<a href=\"https://www.broadmeadsurgery.co.uk/practice-services/supporting-a-healthy-lifestyle/\">Supporting a Healthy Lifestyle</a>","#menu-item-321 > a"
"WCAG2AAA.Principle2.Guideline2_4.2_4_9.H30","Check that text of the link describes the purpose of the link.","notice","<a href=\"https://www.broadmeadsurgery.co.uk/practice-services/vaccinations/\">Vaccinations</a>","#menu-item-396 > a"
"WCAG2AAA.Principle2.Guideline2_4.2_4_9.H30","Check that text of the link describes the purpose of the link.","notice","<a href=\"https://www.broadmeadsurgery.co.uk/practice-services/womens-health/\">Women’s Health</a>","#menu-item-196 > a"
"WCAG2AAA.Principle2.Guideline2_4.2_4_9.H30","Check that text of the link describes the purpose of the link.","notice","<a href=\"https://www.broadmeadsurgery.co.uk/local-support/\"><i class=\"icon-handshake-o\"></i...</a>","#menu-item-1046 > a"
"WCAG2AAA.Principle2.Guideline2_4.2_4_9.H30","Check that text of the link describes the purpose of the link.","notice","<a href=\"https://www.broadmeadsurgery.co.uk/team/\"><i class=\"icon-user-md\"></i>Tea...</a>","#menu-item-105 > a"
"WCAG2AAA.Principle2.Guideline2_4.2_4_9.H30","Check that text of the link describes the purpose of the link.","notice","<a href=\"https://www.broadmeadsurgery.co.uk/team/admin-team/\">Reception Administration Team</a>","#menu-item-957 > a"
"WCAG2AAA.Principle2.Guideline2_4.2_4_9.H30","Check that text of the link describes the purpose of the link.","notice","<a href=\"https://www.broadmeadsurgery.co.uk/team/health-care-assistants/\">Health Care Assistants</a>","#menu-item-1183 > a"
"WCAG2AAA.Principle2.Guideline2_4.2_4_9.H30","Check that text of the link describes the purpose of the link.","notice","<a href=\"https://www.broadmeadsurgery.co.uk/team/nursing-team/\">Nursing Team</a>","#menu-item-1182 > a"
"WCAG2AAA.Principle2.Guideline2_4.2_4_9.H30","Check that text of the link describes the purpose of the link.","notice","<a href=\"https://www.broadmeadsurgery.co.uk/team/salaried-gps-and-gp-registrars/\">Salaried GPs</a>","#menu-item-181 > a"
"WCAG2AAA.Principle2.Guideline2_4.2_4_9.H30","Check that text of the link describes the purpose of the link.","notice","<a href=\"https://www.broadmeadsurgery.co.uk/team/gp-associates/\">GP Principals</a>","#menu-item-175 > a"
"WCAG2AAA.Principle2.Guideline2_4.2_4_9.H30","Check that text of the link describes the purpose of the link.","notice","<a href=\"https://www.broadmeadsurgery.co.uk/team/practice-management/\">Practice Management</a>","#menu-item-187 > a"
"WCAG2AAA.Principle2.Guideline2_4.2_4_9.H30","Check that text of the link describes the purpose of the link.","notice","<a href=\"https://www.broadmeadsurgery.co.uk/new-patients/\"><i class=\"icon-new-patients\"></...</a>","#menu-item-104 > a"
"WCAG2AAA.Principle2.Guideline2_4.2_4_9.H30","Check that text of the link describes the purpose of the link.","notice","<a href=\"https://www.broadmeadsurgery.co.uk/new-patients/catchment-area/\">Catchment Area</a>","#menu-item-1991 > a"
"WCAG2AAA.Principle2.Guideline2_4.2_4_9.H30","Check that text of the link describes the purpose of the link.","notice","<a href=\"https://www.broadmeadsurgery.co.uk/new-patients/overseas-visitors/\">Overseas Visitors</a>","#menu-item-262 > a"
"WCAG2AAA.Principle2.Guideline2_4.2_4_9.H30","Check that text of the link describes the purpose of the link.","notice","<a href=\"https://www.broadmeadsurgery.co.uk/new-patients/temporary-residents/\">Temporary Residents</a>","#menu-item-266 > a"
"WCAG2AAA.Principle2.Guideline2_4.2_4_9.H30","Check that text of the link describes the purpose of the link.","notice","<a href=\"https://www.broadmeadsurgery.co.uk/new-patients/update-your-details/\">Update your Details</a>","#menu-item-888 > a"
"WCAG2AAA.Principle2.Guideline2_4.2_4_9.H30","Check that text of the link describes the purpose of the link.","notice","<a href=\"https://www.broadmeadsurgery.co.uk/practice-info/\"><i class=\"icon-practice-info\"><...</a>","#menu-item-103 > a"
"WCAG2AAA.Principle2.Guideline2_4.2_4_9.H30","Check that text of the link describes the purpose of the link.","notice","<a href=\"https://www.broadmeadsurgery.co.uk/practice-info/our-policies/\">Our Policies</a>","#menu-item-208 > a"
"WCAG2AAA.Principle2.Guideline2_4.2_4_9.H30","Check that text of the link describes the purpose of the link.","notice","<a href=\"https://www.broadmeadsurgery.co.uk/practice-info/patient-participation-forum/\">Patient Participation Forum</a>","#menu-item-537 > a"
"WCAG2AAA.Principle2.Guideline2_4.2_4_9.H30","Check that text of the link describes the purpose of the link.","notice","<a href=\"https://www.broadmeadsurgery.co.uk/practice-info/friend-and-family-test/\">Friends and Family Test</a>","#menu-item-554 > a"
"WCAG2AAA.Principle2.Guideline2_4.2_4_9.H30","Check that text of the link describes the purpose of the link.","notice","<a href=\"https://www.broadmeadsurgery.co.uk/practice-info/vacancies/\">Vacancies</a>","#menu-item-534 > a"
"WCAG2AAA.Principle2.Guideline2_4.2_4_9.H30","Check that text of the link describes the purpose of the link.","notice","<a href=\"https://www.broadmeadsurgery.co.uk/contact-us/\"><i class=\"icon-chat-empty\"></i>...</a>","#menu-item-14 > a"
"WCAG2AAA.Principle1.Guideline1_1.1_1_1.H67.2","Img element is marked so that it is ignored by Assistive Technology.","warning","<img class=\"size-full wp-image-906 alignleft\" src=\"https://www.broadmeadsurgery.co.uk/wp-content/uploads/2017/06/col1a.jpg\" alt=\"\" width=\"155\" height=\"155\">","#location-1 > p > img"
"WCAG2AAA.Principle1.Guideline1_1.1_1_1.G73,G74","If this image cannot be fully described in a short text alternative, ensure a long text alternative is also available, such as in the body text or through a link.","notice","<img class=\"size-full wp-image-906 alignleft\" src=\"https://www.broadmeadsurgery.co.uk/wp-content/uploads/2017/06/col1a.jpg\" alt=\"\" width=\"155\" height=\"155\">","#location-1 > p > img"
"WCAG2AAA.Principle1.Guideline1_1.1_1_1.H67.2","Img element is marked so that it is ignored by Assistive Technology.","warning","<img class=\"alignright size-full wp-image-907\" src=\"https://www.broadmeadsurgery.co.uk/wp-content/uploads/2017/06/col3b.jpg\" alt=\"\" width=\"155\" height=\"155\">","#location-2 > p > img"
"WCAG2AAA.Principle1.Guideline1_1.1_1_1.G73,G74","If this image cannot be fully described in a short text alternative, ensure a long text alternative is also available, such as in the body text or through a link.","notice","<img class=\"alignright size-full wp-image-907\" src=\"https://www.broadmeadsurgery.co.uk/wp-content/uploads/2017/06/col3b.jpg\" alt=\"\" width=\"155\" height=\"155\">","#location-2 > p > img"
"WCAG2AAA.Principle1.Guideline1_4.1_4_6.G18.Fail","This element has insufficient contrast at this conformance level. Expected a contrast ratio of at least 4.5:1, but text in this element has a contrast ratio of 4.04:1. Recommendation: change text colour to #006f88.","error","<p>Living well in Ealing</p>","#main-message > div > p"
"WCAG2AAA.Principle1.Guideline1_1.1_1_1.H67.2","Img element is marked so that it is ignored by Assistive Technology.","warning","<img class=\"size-full wp-image-908 alignleft\" src=\"https://www.broadmeadsurgery.co.uk/wp-content/uploads/2017/06/col5a.jpg\" alt=\"\" width=\"155\" height=\"155\">","#location-3 > p > img"
"WCAG2AAA.Principle1.Guideline1_1.1_1_1.G73,G74","If this image cannot be fully described in a short text alternative, ensure a long text alternative is also available, such as in the body text or through a link.","notice","<img class=\"size-full wp-image-908 alignleft\" src=\"https://www.broadmeadsurgery.co.uk/wp-content/uploads/2017/06/col5a.jpg\" alt=\"\" width=\"155\" height=\"155\">","#location-3 > p > img"
"WCAG2AAA.Principle1.Guideline1_4.1_4_6.G18.Fail","This element has insufficient contrast at this conformance level. Expected a contrast ratio of at least 4.5:1, but text in this element has a contrast ratio of 3.27:1. Recommendation: change background to #00819f.","error","<h2>Online Services</h2>","#home-online-services > div > h2"
"WCAG2AAA.Principle1.Guideline1_4.1_4_6.G17.Fail","This element has insufficient contrast at this conformance level. Expected a contrast ratio of at least 7:1, but text in this element has a contrast ratio of 4.04:1. Recommendation: change text colour to #005062.","error","<a href=\"/new-patients/\" rel=\"noopener\" style=\"height: 41.6px;\">New patient registration</a>","#home-online-services > div > ul > li:nth-child(1) > a"
"WCAG2AAA.Principle2.Guideline2_4.2_4_9.H30","Check that text of the link describes the purpose of the link.","notice","<a href=\"/new-patients/\" rel=\"noopener\" style=\"height: 41.6px;\">New patient registration</a>","#home-online-services > div > ul > li:nth-child(1) > a"
"WCAG2AAA.Principle1.Guideline1_4.1_4_6.G17.Fail","This element has insufficient contrast at this conformance level. Expected a contrast ratio of at least 7:1, but text in this element has a contrast ratio of 4.04:1. Recommendation: change text colour to #005062.","error","<a href=\"https://systmonline.tpp-uk.com/2/Login?Date=20171030092910\" target=\"_blank\" rel=\"noopener\" style=\"height: 41.6px;\">Book an appointment</a>","#home-online-services > div > ul > li:nth-child(2) > a"
"WCAG2AAA.Principle2.Guideline2_4.2_4_9.H30","Check that text of the link describes the purpose of the link.","notice","<a href=\"https://systmonline.tpp-uk.com/2/Login?Date=20171030092910\" target=\"_blank\" rel=\"noopener\" style=\"height: 41.6px;\">Book an appointment</a>","#home-online-services > div > ul > li:nth-child(2) > a"
"WCAG2AAA.Principle3.Guideline3_2.3_2_5.H83.3","Check that this link's link text contains information indicating that the link will open in a new window.","warning","<a href=\"https://systmonline.tpp-uk.com/2/Login?Date=20171030092910\" target=\"_blank\" rel=\"noopener\" style=\"height: 41.6px;\">Book an appointment</a>","#home-online-services > div > ul > li:nth-child(2) > a"
"WCAG2AAA.Principle1.Guideline1_4.1_4_6.G17.Fail","This element has insufficient contrast at this conformance level. Expected a contrast ratio of at least 7:1, but text in this element has a contrast ratio of 4.04:1. Recommendation: change text colour to #005062.","error","<a href=\"https://systmonline.tpp-uk.com/2/Login?Date=20171030092910\" target=\"_blank\" rel=\"noopener\" style=\"height: 41.6px;\">Request a repeat prescription</a>","#home-online-services > div > ul > li:nth-child(3) > a"
"WCAG2AAA.Principle2.Guideline2_4.2_4_9.H30","Check that text of the link describes the purpose of the link.","notice","<a href=\"https://systmonline.tpp-uk.com/2/Login?Date=20171030092910\" target=\"_blank\" rel=\"noopener\" style=\"height: 41.6px;\">Request a repeat prescription</a>","#home-online-services > div > ul > li:nth-child(3) > a"
"WCAG2AAA.Principle3.Guideline3_2.3_2_5.H83.3","Check that this link's link text contains information indicating that the link will open in a new window.","warning","<a href=\"https://systmonline.tpp-uk.com/2/Login?Date=20171030092910\" target=\"_blank\" rel=\"noopener\" style=\"height: 41.6px;\">Request a repeat prescription</a>","#home-online-services > div > ul > li:nth-child(3) > a"
"WCAG2AAA.Principle1.Guideline1_4.1_4_6.G17.Fail","This element has insufficient contrast at this conformance level. Expected a contrast ratio of at least 7:1, but text in this element has a contrast ratio of 4.04:1. Recommendation: change text colour to #005062.","error","<a href=\"https://systmonline.tpp-uk.com/2/Login?Date=20171030092910\" target=\"_blank\" rel=\"noopener\" style=\"height: 41.6px;\">View your medical records</a>","#home-online-services > div > ul > li:nth-child(4) > a"
"WCAG2AAA.Principle2.Guideline2_4.2_4_9.H30","Check that text of the link describes the purpose of the link.","notice","<a href=\"https://systmonline.tpp-uk.com/2/Login?Date=20171030092910\" target=\"_blank\" rel=\"noopener\" style=\"height: 41.6px;\">View your medical records</a>","#home-online-services > div > ul > li:nth-child(4) > a"
"WCAG2AAA.Principle3.Guideline3_2.3_2_5.H83.3","Check that this link's link text contains information indicating that the link will open in a new window.","warning","<a href=\"https://systmonline.tpp-uk.com/2/Login?Date=20171030092910\" target=\"_blank\" rel=\"noopener\" style=\"height: 41.6px;\">View your medical records</a>","#home-online-services > div > ul > li:nth-child(4) > a"
"WCAG2AAA.Principle1.Guideline1_4.1_4_6.G17.Fail","This element has insufficient contrast at this conformance level. Expected a contrast ratio of at least 7:1, but text in this element has a contrast ratio of 4.04:1. Recommendation: change text colour to #005062.","error","<a href=\"http://www.broadmeadsurgery.co.uk/online-services/\" style=\"height: 41.6px;\">Register for online services</a>","#home-online-services > div > ul > li:nth-child(5) > a"
"WCAG2AAA.Principle2.Guideline2_4.2_4_9.H30","Check that text of the link describes the purpose of the link.","notice","<a href=\"http://www.broadmeadsurgery.co.uk/online-services/\" style=\"height: 41.6px;\">Register for online services</a>","#home-online-services > div > ul > li:nth-child(5) > a"
"WCAG2AAA.Principle1.Guideline1_1.1_1_1.H67.2","Img element is marked so that it is ignored by Assistive Technology.","warning","<img class=\"alignleft size-full wp-image-909\" src=\"https://www.broadmeadsurgery.co.uk/wp-content/uploads/2017/06/col9b.jpg\" alt=\"\" width=\"155\" height=\"155\">","#location-4 > p > img"
"WCAG2AAA.Principle1.Guideline1_1.1_1_1.G73,G74","If this image cannot be fully described in a short text alternative, ensure a long text alternative is also available, such as in the body text or through a link.","notice","<img class=\"alignleft size-full wp-image-909\" src=\"https://www.broadmeadsurgery.co.uk/wp-content/uploads/2017/06/col9b.jpg\" alt=\"\" width=\"155\" height=\"155\">","#location-4 > p > img"
"WCAG2AAA.Principle2.Guideline2_4.2_4_9.H30","Check that text of the link describes the purpose of the link.","notice","<a href=\"https://www.broadmeadsurgery.co.uk/extended-hours-more-appointments-available/\">Extended Hours – more appointme...</a>","#js-news > li:nth-child(1) > a"
"WCAG2AAA.Principle2.Guideline2_4.2_4_9.H30","Check that text of the link describes the purpose of the link.","notice","<a href=\"https://www.broadmeadsurgery.co.uk/did-not-attend-dna-policy-read-our-policy-on-missed-appointments/\">Did Not Attend (DNA) Policy – r...</a>","#js-news > li:nth-child(2) > a"
"WCAG2AAA.Principle2.Guideline2_4.2_4_9.H30","Check that text of the link describes the purpose of the link.","notice","<a href=\"https://www.broadmeadsurgery.co.uk/ealing-ccg-website-local-patient-news/\">Ealing CCG website – local pati...</a>","#js-news > li:nth-child(3) > a"
"WCAG2AAA.Principle2.Guideline2_4.2_4_9.H30","Check that text of the link describes the purpose of the link.","notice","<a href=\"https://www.broadmeadsurgery.co.uk/getting-involved/\">Getting Involved – Patient Part...</a>","#js-news > li:nth-child(4) > a"
"WCAG2AAA.Principle2.Guideline2_4.2_4_9.H30","Check that text of the link describes the purpose of the link.","notice","<a href=\"https://www.broadmeadsurgery.co.uk/access-free-internet-while-in-the-surgery-click-for-more-info/\">Access free internet while in t...</a>","#js-news > li:nth-child(5) > a"
"WCAG2AAA.Principle2.Guideline2_4.2_4_9.H30","Check that text of the link describes the purpose of the link.","notice","<a href=\"https://www.broadmeadsurgery.co.uk/take-our-friends-family-test-to-provide-your-feedback/\">Take our Friends &amp; Family t...</a>","#js-news > li:nth-child(6) > a"
"WCAG2AAA.Principle2.Guideline2_4.2_4_9.H30","Check that text of the link describes the purpose of the link.","notice","<a href=\"https://www.broadmeadsurgery.co.uk/our-new-website/\">Welcome to our new website</a>","#js-news > li:nth-child(7) > a"
"WCAG2AAA.Principle2.Guideline2_4.2_4_9.H30","Check that text of the link describes the purpose of the link.","notice","<a href=\"https://www.broadmeadsurgery.co.uk/stay-well-this-winter/\">Stay well this Winter</a>","#js-news > li:nth-child(8) > a"
"WCAG2AAA.Principle2.Guideline2_4.2_4_9.H30","Check that text of the link describes the purpose of the link.","notice","<a href=\"https://www.broadmeadsurgery.co.uk/health-help-now-app-coming-soon/\">Health Help Now App Coming Soon</a>","#js-news > li:nth-child(9) > a"
"WCAG2AAA.Principle1.Guideline1_4.1_4_6.G17.Fail","This element has insufficient contrast at this conformance level. Expected a contrast ratio of at least 7:1, but text in this element has a contrast ratio of 2.48:1. Recommendation: change text colour to #004e60.","error","<span>Practice News</span>","#ticker-title > span"
"WCAG2AAA.Principle1.Guideline1_4.1_4_6.G17.Abs","This element is absolutely positioned and the background color can not be determined. Ensure the contrast ratio between the text and all covered parts of the background are at least 7:1.","warning","<a href=\"https://www.broadmeadsurgery.co.uk/extended-hours-more-appointments-available/\">Extended Hours – more appointme...</a>","#ticker-content > a"
"WCAG2AAA.Principle2.Guideline2_4.2_4_9.H30","Check that text of the link describes the purpose of the link.","notice","<a href=\"https://www.broadmeadsurgery.co.uk/extended-hours-more-appointments-available/\">Extended Hours – more appointme...</a>","#ticker-content > a"
"WCAG2AAA.Principle2.Guideline2_4.2_4_9.H30","Check that text of the link describes the purpose of the link.","notice","<a href=\"/news-archive\">View practice news <i class=\"ic...</a>","#row2-responsive > a"
"WCAG2AAA.Principle4.Guideline4_1.4_1_2.H91.Select.Name","This select element does not have a name available to an accessibility API. Valid names are: label element, title attribute, aria-label attribute, aria-labelledby attribute.","error","<select onchange=\"window.location=&quot;/atoz/&quot; + this.options[this.selectedIndex].text;\"><option selected=\"\">A to Z</opt...</select>","#nhs_atoz > select"
"WCAG2AAA.Principle1.Guideline1_3.1_3_1.F68","This form field should be labelled in some way. Use the label element (either with a \"for\" attribute or wrapped around the form field), or \"title\", \"aria-label\" or \"aria-labelledby\" attributes as appropriate.","error","<select onchange=\"window.location=&quot;/atoz/&quot; + this.options[this.selectedIndex].text;\"><option selected=\"\">A to Z</opt...</select>","#nhs_atoz > select"
"WCAG2AAA.Principle1.Guideline1_3.1_3_1.H85.2","If this selection list contains groups of related options, they should be grouped with optgroup.","warning","<select onchange=\"window.location=&quot;/atoz/&quot; + this.options[this.selectedIndex].text;\"><option selected=\"\">A to Z</opt...</select>","#nhs_atoz > select"
"WCAG2AAA.Principle3.Guideline3_2.3_2_1.G107","Check that a change of context does not occur when this input field receives focus.","notice","<select onchange=\"window.location=&quot;/atoz/&quot; + this.options[this.selectedIndex].text;\"><option selected=\"\">A to Z</opt...</select>","#nhs_atoz > select"
"WCAG2AAA.Principle1.Guideline1_4.1_4_6.G17.BgImage","This element's text is placed on a background image. Ensure the contrast ratio between the text and all covered parts of the image are at least 7:1.","warning","<option selected=\"\">A to Z</option>","#nhs_atoz > select > option:nth-child(1)"
"WCAG2AAA.Principle1.Guideline1_4.1_4_6.G17.BgImage","This element's text is placed on a background image. Ensure the contrast ratio between the text and all covered parts of the image are at least 7:1.","warning","<option>A</option>","#nhs_atoz > select > option:nth-child(2)"
"WCAG2AAA.Principle1.Guideline1_4.1_4_6.G17.BgImage","This element's text is placed on a background image. Ensure the contrast ratio between the text and all covered parts of the image are at least 7:1.","warning","<option>B</option>","#nhs_atoz > select > option:nth-child(3)"
"WCAG2AAA.Principle1.Guideline1_4.1_4_6.G17.BgImage","This element's text is placed on a background image. Ensure the contrast ratio between the text and all covered parts of the image are at least 7:1.","warning","<option>C</option>","#nhs_atoz > select > option:nth-child(4)"
"WCAG2AAA.Principle1.Guideline1_4.1_4_6.G17.BgImage","This element's text is placed on a background image. Ensure the contrast ratio between the text and all covered parts of the image are at least 7:1.","warning","<option>D</option>","#nhs_atoz > select > option:nth-child(5)"
"WCAG2AAA.Principle1.Guideline1_4.1_4_6.G17.BgImage","This element's text is placed on a background image. Ensure the contrast ratio between the text and all covered parts of the image are at least 7:1.","warning","<option>E</option>","#nhs_atoz > select > option:nth-child(6)"
"WCAG2AAA.Principle1.Guideline1_4.1_4_6.G17.BgImage","This element's text is placed on a background image. Ensure the contrast ratio between the text and all covered parts of the image are at least 7:1.","warning","<option>F</option>","#nhs_atoz > select > option:nth-child(7)"
"WCAG2AAA.Principle1.Guideline1_4.1_4_6.G17.BgImage","This element's text is placed on a background image. Ensure the contrast ratio between the text and all covered parts of the image are at least 7:1.","warning","<option>G</option>","#nhs_atoz > select > option:nth-child(8)"
"WCAG2AAA.Principle1.Guideline1_4.1_4_6.G17.BgImage","This element's text is placed on a background image. Ensure the contrast ratio between the text and all covered parts of the image are at least 7:1.","warning","<option>H</option>","#nhs_atoz > select > option:nth-child(9)"
"WCAG2AAA.Principle1.Guideline1_4.1_4_6.G17.BgImage","This element's text is placed on a background image. Ensure the contrast ratio between the text and all covered parts of the image are at least 7:1.","warning","<option>I</option>","#nhs_atoz > select > option:nth-child(10)"
"WCAG2AAA.Principle1.Guideline1_4.1_4_6.G17.BgImage","This element's text is placed on a background image. Ensure the contrast ratio between the text and all covered parts of the image are at least 7:1.","warning","<option>J</option>","#nhs_atoz > select > option:nth-child(11)"
"WCAG2AAA.Principle1.Guideline1_4.1_4_6.G17.BgImage","This element's text is placed on a background image. Ensure the contrast ratio between the text and all covered parts of the image are at least 7:1.","warning","<option>K</option>","#nhs_atoz > select > option:nth-child(12)"
"WCAG2AAA.Principle1.Guideline1_4.1_4_6.G17.BgImage","This element's text is placed on a background image. Ensure the contrast ratio between the text and all covered parts of the image are at least 7:1.","warning","<option>L</option>","#nhs_atoz > select > option:nth-child(13)"
"WCAG2AAA.Principle1.Guideline1_4.1_4_6.G17.BgImage","This element's text is placed on a background image. Ensure the contrast ratio between the text and all covered parts of the image are at least 7:1.","warning","<option>M</option>","#nhs_atoz > select > option:nth-child(14)"
"WCAG2AAA.Principle1.Guideline1_4.1_4_6.G17.BgImage","This element's text is placed on a background image. Ensure the contrast ratio between the text and all covered parts of the image are at least 7:1.","warning","<option>N</option>","#nhs_atoz > select > option:nth-child(15)"
"WCAG2AAA.Principle1.Guideline1_4.1_4_6.G17.BgImage","This element's text is placed on a background image. Ensure the contrast ratio between the text and all covered parts of the image are at least 7:1.","warning","<option>O</option>","#nhs_atoz > select > option:nth-child(16)"
"WCAG2AAA.Principle1.Guideline1_4.1_4_6.G17.BgImage","This element's text is placed on a background image. Ensure the contrast ratio between the text and all covered parts of the image are at least 7:1.","warning","<option>P</option>","#nhs_atoz > select > option:nth-child(17)"
"WCAG2AAA.Principle1.Guideline1_4.1_4_6.G17.BgImage","This element's text is placed on a background image. Ensure the contrast ratio between the text and all covered parts of the image are at least 7:1.","warning","<option>Q</option>","#nhs_atoz > select > option:nth-child(18)"
"WCAG2AAA.Principle1.Guideline1_4.1_4_6.G17.BgImage","This element's text is placed on a background image. Ensure the contrast ratio between the text and all covered parts of the image are at least 7:1.","warning","<option>R</option>","#nhs_atoz > select > option:nth-child(19)"
"WCAG2AAA.Principle1.Guideline1_4.1_4_6.G17.BgImage","This element's text is placed on a background image. Ensure the contrast ratio between the text and all covered parts of the image are at least 7:1.","warning","<option>S</option>","#nhs_atoz > select > option:nth-child(20)"
"WCAG2AAA.Principle1.Guideline1_4.1_4_6.G17.BgImage","This element's text is placed on a background image. Ensure the contrast ratio between the text and all covered parts of the image are at least 7:1.","warning","<option>\n      T</option>","#nhs_atoz > select > option:nth-child(21)"
"WCAG2AAA.Principle1.Guideline1_4.1_4_6.G17.BgImage","This element's text is placed on a background image. Ensure the contrast ratio between the text and all covered parts of the image are at least 7:1.","warning","<option>U</option>","#nhs_atoz > select > option:nth-child(22)"
"WCAG2AAA.Principle1.Guideline1_4.1_4_6.G17.BgImage","This element's text is placed on a background image. Ensure the contrast ratio between the text and all covered parts of the image are at least 7:1.","warning","<option>V</option>","#nhs_atoz > select > option:nth-child(23)"
"WCAG2AAA.Principle1.Guideline1_4.1_4_6.G17.BgImage","This element's text is placed on a background image. Ensure the contrast ratio between the text and all covered parts of the image are at least 7:1.","warning","<option>W</option>","#nhs_atoz > select > option:nth-child(24)"
"WCAG2AAA.Principle1.Guideline1_4.1_4_6.G17.BgImage","This element's text is placed on a background image. Ensure the contrast ratio between the text and all covered parts of the image are at least 7:1.","warning","<option>X</option>","#nhs_atoz > select > option:nth-child(25)"
"WCAG2AAA.Principle1.Guideline1_4.1_4_6.G17.BgImage","This element's text is placed on a background image. Ensure the contrast ratio between the text and all covered parts of the image are at least 7:1.","warning","<option>Y</option>","#nhs_atoz > select > option:nth-child(26)"
"WCAG2AAA.Principle1.Guideline1_4.1_4_6.G17.BgImage","This element's text is placed on a background image. Ensure the contrast ratio between the text and all covered parts of the image are at least 7:1.","warning","<option>Z</option>","#nhs_atoz > select > option:nth-child(27)"
"WCAG2AAA.Principle4.Guideline4_1.4_1_2.H91.Select.Name","This select element does not have a name available to an accessibility API. Valid names are: label element, title attribute, aria-label attribute, aria-labelledby attribute.","error","<select onchange=\"show_wdis(this);\"><option value=\"-1\">Select a con...</select>","#home-wdis > div > div > select"
"WCAG2AAA.Principle4.Guideline4_1.4_1_2.H91.Select.Value","This select element does not have an initially selected option. Depending on your HTML version, the value exposed to an accessibility API may be undefined.","warning","<select onchange=\"show_wdis(this);\"><option value=\"-1\">Select a con...</select>","#home-wdis > div > div > select"
"WCAG2AAA.Principle1.Guideline1_3.1_3_1.F68","This form field should be labelled in some way. Use the label element (either with a \"for\" attribute or wrapped around the form field), or \"title\", \"aria-label\" or \"aria-labelledby\" attributes as appropriate.","error","<select onchange=\"show_wdis(this);\"><option value=\"-1\">Select a con...</select>","#home-wdis > div > div > select"
"WCAG2AAA.Principle1.Guideline1_3.1_3_1.H85.2","If this selection list contains groups of related options, they should be grouped with optgroup.","warning","<select onchange=\"show_wdis(this);\"><option value=\"-1\">Select a con...</select>","#home-wdis > div > div > select"
"WCAG2AAA.Principle3.Guideline3_2.3_2_1.G107","Check that a change of context does not occur when this input field receives focus.","notice","<select onchange=\"show_wdis(this);\"><option value=\"-1\">Select a con...</select>","#home-wdis > div > div > select"
"WCAG2AAA.Principle1.Guideline1_4.1_4_6.G17.BgImage","This element's text is placed on a background image. Ensure the contrast ratio between the text and all covered parts of the image are at least 7:1.","warning","<option value=\"-1\">Select a condition</option>","#home-wdis > div > div > select > option:nth-child(1)"
"WCAG2AAA.Principle1.Guideline1_4.1_4_6.G17.BgImage","This element's text is placed on a background image. Ensure the contrast ratio between the text and all covered parts of the image are at least 7:1.","warning","<option value=\"0\">Abdominal Pain</option>","#home-wdis > div > div > select > option:nth-child(2)"
"WCAG2AAA.Principle1.Guideline1_4.1_4_6.G17.BgImage","This element's text is placed on a background image. Ensure the contrast ratio between the text and all covered parts of the image are at least 7:1.","warning","<option value=\"1\">Acute Asthma</option>","#home-wdis > div > div > select > option:nth-child(3)"
"WCAG2AAA.Principle1.Guideline1_4.1_4_6.G17.BgImage","This element's text is placed on a background image. Ensure the contrast ratio between the text and all covered parts of the image are at least 7:1.","warning","<option value=\"2\">Alcohol Advice</option>","#home-wdis > div > div > select > option:nth-child(4)"
"WCAG2AAA.Principle1.Guideline1_4.1_4_6.G17.BgImage","This element's text is placed on a background image. Ensure the contrast ratio between the text and all covered parts of the image are at least 7:1.","warning","<option value=\"3\">Anxiety</option>","#home-wdis > div > div > select > option:nth-child(5)"
"WCAG2AAA.Principle1.Guideline1_4.1_4_6.G17.BgImage","This element's text is placed on a background image. Ensure the contrast ratio between the text and all covered parts of the image are at least 7:1.","warning","<option value=\"4\">Back Pain</option>","#home-wdis > div > div > select > option:nth-child(6)"
"WCAG2AAA.Principle1.Guideline1_4.1_4_6.G17.BgImage","This element's text is placed on a background image. Ensure the contrast ratio between the text and all covered parts of the image are at least 7:1.","warning","<option value=\"5\">Blood Pressure Monitoring</option>","#home-wdis > div > div > select > option:nth-child(7)"
"WCAG2AAA.Principle1.Guideline1_4.1_4_6.G17.BgImage","This element's text is placed on a background image. Ensure the contrast ratio between the text and all covered parts of the image are at least 7:1.","warning","<option value=\"6\">Blood Tests</option>","#home-wdis > div > div > select > option:nth-child(8)"
"WCAG2AAA.Principle1.Guideline1_4.1_4_6.G17.BgImage","This element's text is placed on a background image. Ensure the contrast ratio between the text and all covered parts of the image are at least 7:1.","warning","<option value=\"7\">Blue Badge Forms</option>","#home-wdis > div > div > select > option:nth-child(9)"
"WCAG2AAA.Principle1.Guideline1_4.1_4_6.G17.BgImage","This element's text is placed on a background image. Ensure the contrast ratio between the text and all covered parts of the image are at least 7:1.","warning","<option value=\"8\">Boils</option>","#home-wdis > div > div > select > option:nth-child(10)"
"WCAG2AAA.Principle1.Guideline1_4.1_4_6.G17.BgImage","This element's text is placed on a background image. Ensure the contrast ratio between the text and all covered parts of the image are at least 7:1.","warning","<option value=\"9\">Breathlessness</option>","#home-wdis > div > div > select > option:nth-child(11)"
"WCAG2AAA.Principle1.Guideline1_4.1_4_6.G17.BgImage","This element's text is placed on a background image. Ensure the contrast ratio between the text and all covered parts of the image are at least 7:1.","warning","<option value=\"10\">Breastfeeding Advice</option>","#home-wdis > div > div > select > option:nth-child(12)"
"WCAG2AAA.Principle1.Guideline1_4.1_4_6.G17.BgImage","This element's text is placed on a background image. Ensure the contrast ratio between the text and all covered parts of the image are at least 7:1.","warning","<option value=\"11\">Bruised Ribs</option>","#home-wdis > div > div > select > option:nth-child(13)"
"WCAG2AAA.Principle1.Guideline1_4.1_4_6.G17.BgImage","This element's text is placed on a background image. Ensure the contrast ratio between the text and all covered parts of the image are at least 7:1.","warning","<option value=\"12\">Burns</option>","#home-wdis > div > div > select > option:nth-child(14)"
"WCAG2AAA.Principle1.Guideline1_4.1_4_6.G17.BgImage","This element's text is placed on a background image. Ensure the contrast ratio between the text and all covered parts of the image are at least 7:1.","warning","<option value=\"13\">Cellulitis</option>","#home-wdis > div > div > select > option:nth-child(15)"
"WCAG2AAA.Principle1.Guideline1_4.1_4_6.G17.BgImage","This element's text is placed on a background image. Ensure the contrast ratio between the text and all covered parts of the image are at least 7:1.","warning","<option value=\"14\">Cervical Smears</option>","#home-wdis > div > div > select > option:nth-child(16)"
"WCAG2AAA.Principle1.Guideline1_4.1_4_6.G17.BgImage","This element's text is placed on a background image. Ensure the contrast ratio between the text and all covered parts of the image are at least 7:1.","warning","<option value=\"15\">Chest Infections</option>","#home-wdis > div > div > select > option:nth-child(17)"
"WCAG2AAA.Principle1.Guideline1_4.1_4_6.G17.BgImage","This element's text is placed on a background image. Ensure the contrast ratio between the text and all covered parts of the image are at least 7:1.","warning","<option value=\"16\">Chest Pain</option>","#home-wdis > div > div > select > option:nth-child(18)"
"WCAG2AAA.Principle1.Guideline1_4.1_4_6.G17.BgImage","This element's text is placed on a background image. Ensure the contrast ratio between the text and all covered parts of the image are at least 7:1.","warning","<option value=\"17\">Children’s Immunisations</option>","#home-wdis > div > div > select > option:nth-child(19)"
"WCAG2AAA.Principle1.Guideline1_4.1_4_6.G17.BgImage","This element's text is placed on a background image. Ensure the contrast ratio between the text and all covered parts of the image are at least 7:1.","warning","<option value=\"18\">Chronic Heart Disease</option>","#home-wdis > div > div > select > option:nth-child(20)"
"WCAG2AAA.Principle1.Guideline1_4.1_4_6.G17.BgImage","This element's text is placed on a background image. Ensure the contrast ratio between the text and all covered parts of the image are at least 7:1.","warning","<option value=\"19\">Coils or Implants</option>","#home-wdis > div > div > select > option:nth-child(21)"
"WCAG2AAA.Principle1.Guideline1_4.1_4_6.G17.BgImage","This element's text is placed on a background image. Ensure the contrast ratio between the text and all covered parts of the image are at least 7:1.","warning","<option value=\"20\">Cold Sores</option>","#home-wdis > div > div > select > option:nth-child(22)"
"WCAG2AAA.Principle1.Guideline1_4.1_4_6.G17.BgImage","This element's text is placed on a background image. Ensure the contrast ratio between the text and all covered parts of the image are at least 7:1.","warning","<option value=\"21\">Colds</option>","#home-wdis > div > div > select > option:nth-child(23)"
"WCAG2AAA.Principle1.Guideline1_4.1_4_6.G17.BgImage","This element's text is placed on a background image. Ensure the contrast ratio between the text and all covered parts of the image are at least 7:1.","warning","<option value=\"22\">Constipation or Piles</option>","#home-wdis > div > div > select > option:nth-child(24)"
"WCAG2AAA.Principle1.Guideline1_4.1_4_6.G17.BgImage","This element's text is placed on a background image. Ensure the contrast ratio between the text and all covered parts of the image are at least 7:1.","warning","<option value=\"23\">Contraception and Family Planni...</option>","#home-wdis > div > div > select > option:nth-child(25)"
"WCAG2AAA.Principle1.Guideline1_4.1_4_6.G17.BgImage","This element's text is placed on a background image. Ensure the contrast ratio between the text and all covered parts of the image are at least 7:1.","warning","<option value=\"24\">Cough</option>","#home-wdis > div > div > select > option:nth-child(26)"
"WCAG2AAA.Principle1.Guideline1_4.1_4_6.G17.BgImage","This element's text is placed on a background image. Ensure the contrast ratio between the text and all covered parts of the image are at least 7:1.","warning","<option value=\"25\">Cystitis</option>","#home-wdis > div > div > select > option:nth-child(27)"
"WCAG2AAA.Principle1.Guideline1_4.1_4_6.G17.BgImage","This element's text is placed on a background image. Ensure the contrast ratio between the text and all covered parts of the image are at least 7:1.","warning","<option value=\"26\">Dementia Screening</option>","#home-wdis > div > div > select > option:nth-child(28)"
"WCAG2AAA.Principle1.Guideline1_4.1_4_6.G17.BgImage","This element's text is placed on a background image. Ensure the contrast ratio between the text and all covered parts of the image are at least 7:1.","warning","<option value=\"27\">Dental Problems</option>","#home-wdis > div > div > select > option:nth-child(29)"
"WCAG2AAA.Principle1.Guideline1_4.1_4_6.G17.BgImage","This element's text is placed on a background image. Ensure the contrast ratio between the text and all covered parts of the image are at least 7:1.","warning","<option value=\"28\">Depot Injection (other)</option>","#home-wdis > div > div > select > option:nth-child(30)"
"WCAG2AAA.Principle1.Guideline1_4.1_4_6.G17.BgImage","This element's text is placed on a background image. Ensure the contrast ratio between the text and all covered parts of the image are at least 7:1.","warning","<option value=\"29\">Depot Injection (contraception)</option>","#home-wdis > div > div > select > option:nth-child(31)"
"WCAG2AAA.Principle1.Guideline1_4.1_4_6.G17.BgImage","This element's text is placed on a background image. Ensure the contrast ratio between the text and all covered parts of the image are at least 7:1.","warning","<option value=\"30\">Depression</option>","#home-wdis > div > div > select > option:nth-child(32)"
"WCAG2AAA.Principle1.Guideline1_4.1_4_6.G17.BgImage","This element's text is placed on a background image. Ensure the contrast ratio between the text and all covered parts of the image are at least 7:1.","warning","<option value=\"31\">Diabetes Monitoring</option>","#home-wdis > div > div > select > option:nth-child(33)"
"WCAG2AAA.Principle1.Guideline1_4.1_4_6.G17.BgImage","This element's text is placed on a background image. Ensure the contrast ratio between the text and all covered parts of the image are at least 7:1.","warning","<option value=\"32\">Diarrhoea</option>","#home-wdis > div > div > select > option:nth-child(34)"
"WCAG2AAA.Principle1.Guideline1_4.1_4_6.G17.BgImage","This element's text is placed on a background image. Ensure the contrast ratio between the text and all covered parts of the image are at least 7:1.","warning","<option value=\"33\">Diet/Lifestyle Changes</option>","#home-wdis > div > div > select > option:nth-child(35)"
"WCAG2AAA.Principle1.Guideline1_4.1_4_6.G17.BgImage","This element's text is placed on a background image. Ensure the contrast ratio between the text and all covered parts of the image are at least 7:1.","warning","<option value=\"34\">Dizziness</option>","#home-wdis > div > div > select > option:nth-child(36)"
"WCAG2AAA.Principle1.Guideline1_4.1_4_6.G17.BgImage","This element's text is placed on a background image. Ensure the contrast ratio between the text and all covered parts of the image are at least 7:1.","warning","<option value=\"35\">Dressings</option>","#home-wdis > div > div > select > option:nth-child(37)"
"WCAG2AAA.Principle1.Guideline1_4.1_4_6.G17.BgImage","This element's text is placed on a background image. Ensure the contrast ratio between the text and all covered parts of the image are at least 7:1.","warning","<option value=\"36\">Drug Addiction</option>","#home-wdis > div > div > select > option:nth-child(38)"
"WCAG2AAA.Principle1.Guideline1_4.1_4_6.G17.BgImage","This element's text is placed on a background image. Ensure the contrast ratio between the text and all covered parts of the image are at least 7:1.","warning","<option value=\"37\">Ear Care/Ear Wax</option>","#home-wdis > div > div > select > option:nth-child(39)"
"WCAG2AAA.Principle1.Guideline1_4.1_4_6.G17.BgImage","This element's text is placed on a background image. Ensure the contrast ratio between the text and all covered parts of the image are at least 7:1.","warning","<option value=\"38\">Earache</option>","#home-wdis > div > div > select > option:nth-child(40)"
"WCAG2AAA.Principle1.Guideline1_4.1_4_6.G17.BgImage","This element's text is placed on a background image. Ensure the contrast ratio between the text and all covered parts of the image are at least 7:1.","warning","<option value=\"39\">ECG</option>","#home-wdis > div > div > select > option:nth-child(41)"
"WCAG2AAA.Principle1.Guideline1_4.1_4_6.G17.BgImage","This element's text is placed on a background image. Ensure the contrast ratio between the text and all covered parts of the image are at least 7:1.","warning","<option value=\"40\">Eczema</option>","#home-wdis > div > div > select > option:nth-child(42)"
"WCAG2AAA.Principle1.Guideline1_4.1_4_6.G17.BgImage","This element's text is placed on a background image. Ensure the contrast ratio between the text and all covered parts of the image are at least 7:1.","warning","<option value=\"41\">Emergency Contraception</option>","#home-wdis > div > div > select > option:nth-child(43)"
"WCAG2AAA.Principle1.Guideline1_4.1_4_6.G17.BgImage","This element's text is placed on a background image. Ensure the contrast ratio between the text and all covered parts of the image are at least 7:1.","warning","<option value=\"42\">Eye Infection</option>","#home-wdis > div > div > select > option:nth-child(44)"
"WCAG2AAA.Principle1.Guideline1_4.1_4_6.G17.BgImage","This element's text is placed on a background image. Ensure the contrast ratio between the text and all covered parts of the image are at least 7:1.","warning","<option value=\"43\">Eye Injuries</option>","#home-wdis > div > div > select > option:nth-child(45)"
"WCAG2AAA.Principle1.Guideline1_4.1_4_6.G17.BgImage","This element's text is placed on a background image. Ensure the contrast ratio between the text and all covered parts of the image are at least 7:1.","warning","<option value=\"44\">Fit Note (Sick note)</option>","#home-wdis > div > div > select > option:nth-child(46)"
"WCAG2AAA.Principle1.Guideline1_4.1_4_6.G17.BgImage","This element's text is placed on a background image. Ensure the contrast ratio between the text and all covered parts of the image are at least 7:1.","warning","<option value=\"45\">Flu</option>","#home-wdis > div > div > select > option:nth-child(47)"
"WCAG2AAA.Principle1.Guideline1_4.1_4_6.G17.BgImage","This element's text is placed on a background image. Ensure the contrast ratio between the text and all covered parts of the image are at least 7:1.","warning","<option value=\"46\">Flu Vaccine</option>","#home-wdis > div > div > select > option:nth-child(48)"
"WCAG2AAA.Principle1.Guideline1_4.1_4_6.G17.BgImage","This element's text is placed on a background image. Ensure the contrast ratio between the text and all covered parts of the image are at least 7:1.","warning","<option value=\"47\">Forms, certificates and medical...</option>","#home-wdis > div > div > select > option:nth-child(49)"
"WCAG2AAA.Principle1.Guideline1_4.1_4_6.G17.BgImage","This element's text is placed on a background image. Ensure the contrast ratio between the text and all covered parts of the image are at least 7:1.","warning","<option value=\"48\">Fungal Infections</option>","#home-wdis > div > div > select > option:nth-child(50)"
"WCAG2AAA.Principle1.Guideline1_4.1_4_6.G17.BgImage","This element's text is placed on a background image. Ensure the contrast ratio between the text and all covered parts of the image are at least 7:1.","warning","<option value=\"49\">General Advice</option>","#home-wdis > div > div > select > option:nth-child(51)"
"WCAG2AAA.Principle1.Guideline1_4.1_4_6.G17.BgImage","This element's text is placed on a background image. Ensure the contrast ratio between the text and all covered parts of the image are at least 7:1.","warning","<option value=\"50\">Genital Infections including He...</option>","#home-wdis > div > div > select > option:nth-child(52)"
"WCAG2AAA.Principle1.Guideline1_4.1_4_6.G17.BgImage","This element's text is placed on a background image. Ensure the contrast ratio between the text and all covered parts of the image are at least 7:1.","warning","<option value=\"51\">Hay Fever</option>","#home-wdis > div > div > select > option:nth-child(53)"
"WCAG2AAA.Principle1.Guideline1_4.1_4_6.G17.BgImage","This element's text is placed on a background image. Ensure the contrast ratio between the text and all covered parts of the image are at least 7:1.","warning","<option value=\"52\">Head Injuries</option>","#home-wdis > div > div > select > option:nth-child(54)"
"WCAG2AAA.Principle1.Guideline1_4.1_4_6.G17.BgImage","This element's text is placed on a background image. Ensure the contrast ratio between the text and all covered parts of the image are at least 7:1.","warning","<option value=\"53\">Head Lice</option>","#home-wdis > div > div > select > option:nth-child(55)"
"WCAG2AAA.Principle1.Guideline1_4.1_4_6.G17.BgImage","This element's text is placed on a background image. Ensure the contrast ratio between the text and all covered parts of the image are at least 7:1.","warning","<option value=\"54\">Headaches</option>","#home-wdis > div > div > select > option:nth-child(56)"
"WCAG2AAA.Principle1.Guideline1_4.1_4_6.G17.BgImage","This element's text is placed on a background image. Ensure the contrast ratio between the text and all covered parts of the image are at least 7:1.","warning","<option value=\"55\">Holiday Cancellation Certificat...</option>","#home-wdis > div > div > select > option:nth-child(57)"
"WCAG2AAA.Principle1.Guideline1_4.1_4_6.G17.BgImage","This element's text is placed on a background image. Ensure the contrast ratio between the text and all covered parts of the image are at least 7:1.","warning","<option value=\"56\">Hyperventilation</option>","#home-wdis > div > div > select > option:nth-child(58)"
"WCAG2AAA.Principle1.Guideline1_4.1_4_6.G17.BgImage","This element's text is placed on a background image. Ensure the contrast ratio between the text and all covered parts of the image are at least 7:1.","warning","<option value=\"57\">Indigestion</option>","#home-wdis > div > div > select > option:nth-child(59)"
"WCAG2AAA.Principle1.Guideline1_4.1_4_6.G17.BgImage","This element's text is placed on a background image. Ensure the contrast ratio between the text and all covered parts of the image are at least 7:1.","warning","<option value=\"58\">Infected Wounds</option>","#home-wdis > div > div > select > option:nth-child(60)"
"WCAG2AAA.Principle1.Guideline1_4.1_4_6.G17.BgImage","This element's text is placed on a background image. Ensure the contrast ratio between the text and all covered parts of the image are at least 7:1.","warning","<option value=\"59\">Ingrowing Toenail</option>","#home-wdis > div > div > select > option:nth-child(61)"
"WCAG2AAA.Principle1.Guideline1_4.1_4_6.G17.BgImage","This element's text is placed on a background image. Ensure the contrast ratio between the text and all covered parts of the image are at least 7:1.","warning","<option value=\"60\">Insect Bites</option>","#home-wdis > div > div > select > option:nth-child(62)"
"WCAG2AAA.Principle1.Guideline1_4.1_4_6.G17.BgImage","This element's text is placed on a background image. Ensure the contrast ratio between the text and all covered parts of the image are at least 7:1.","warning","<option value=\"61\">Insomnia</option>","#home-wdis > div > div > select > option:nth-child(63)"
"WCAG2AAA.Principle1.Guideline1_4.1_4_6.G17.BgImage","This element's text is placed on a background image. Ensure the contrast ratio between the text and all covered parts of the image are at least 7:1.","warning","<option value=\"62\">Insurance Reports</option>","#home-wdis > div > div > select > option:nth-child(64)"
"WCAG2AAA.Principle1.Guideline1_4.1_4_6.G17.BgImage","This element's text is placed on a background image. Ensure the contrast ratio between the text and all covered parts of the image are at least 7:1.","warning","<option value=\"63\">Medical&nbsp;Reports</option>","#home-wdis > div > div > select > option:nth-child(65)"
"WCAG2AAA.Principle1.Guideline1_4.1_4_6.G17.BgImage","This element's text is placed on a background image. Ensure the contrast ratio between the text and all covered parts of the image are at least 7:1.","warning","<option value=\"64\">Medication Reviews</option>","#home-wdis > div > div > select > option:nth-child(66)"
"WCAG2AAA.Principle1.Guideline1_4.1_4_6.G17.BgImage","This element's text is placed on a background image. Ensure the contrast ratio between the text and all covered parts of the image are at least 7:1.","warning","<option value=\"65\">Missed Contraceptive/Emergency ...</option>","#home-wdis > div > div > select > option:nth-child(67)"
"WCAG2AAA.Principle1.Guideline1_4.1_4_6.G17.BgImage","This element's text is placed on a background image. Ensure the contrast ratio between the text and all covered parts of the image are at least 7:1.","warning","<option value=\"66\">Moles</option>","#home-wdis > div > div > select > option:nth-child(68)"
"WCAG2AAA.Principle1.Guideline1_4.1_4_6.G17.BgImage","This element's text is placed on a background image. Ensure the contrast ratio between the text and all covered parts of the image are at least 7:1.","warning","<option value=\"67\">Mouth Problems</option>","#home-wdis > div > div > select > option:nth-child(69)"
"WCAG2AAA.Principle1.Guideline1_4.1_4_6.G17.BgImage","This element's text is placed on a background image. Ensure the contrast ratio between the text and all covered parts of the image are at least 7:1.","warning","<option value=\"68\">Nappy Rash</option>","#home-wdis > div > div > select > option:nth-child(70)"
"WCAG2AAA.Principle1.Guideline1_4.1_4_6.G17.BgImage","This element's text is placed on a background image. Ensure the contrast ratio between the text and all covered parts of the image are at least 7:1.","warning","<option value=\"69\">Neck Pain</option>","#home-wdis > div > div > select > option:nth-child(71)"
"WCAG2AAA.Principle1.Guideline1_4.1_4_6.G17.BgImage","This element's text is placed on a background image. Ensure the contrast ratio between the text and all covered parts of the image are at least 7:1.","warning","<option value=\"70\">Nosebleeds</option>","#home-wdis > div > div > select > option:nth-child(72)"
"WCAG2AAA.Principle1.Guideline1_4.1_4_6.G17.BgImage","This element's text is placed on a background image. Ensure the contrast ratio between the text and all covered parts of the image are at least 7:1.","warning","<option value=\"71\">Panic Attacks</option>","#home-wdis > div > div > select > option:nth-child(73)"
"WCAG2AAA.Principle1.Guideline1_4.1_4_6.G17.BgImage","This element's text is placed on a background image. Ensure the contrast ratio between the text and all covered parts of the image are at least 7:1.","warning","<option value=\"72\">Passport Forms</option>","#home-wdis > div > div > select > option:nth-child(74)"
"WCAG2AAA.Principle1.Guideline1_4.1_4_6.G17.BgImage","This element's text is placed on a background image. Ensure the contrast ratio between the text and all covered parts of the image are at least 7:1.","warning","<option value=\"73\">Period Problems</option>","#home-wdis > div > div > select > option:nth-child(75)"
"WCAG2AAA.Principle1.Guideline1_4.1_4_6.G17.BgImage","This element's text is placed on a background image. Ensure the contrast ratio between the text and all covered parts of the image are at least 7:1.","warning","<option value=\"74\">Phobias</option>","#home-wdis > div > div > select > option:nth-child(76)"
"WCAG2AAA.Principle1.Guideline1_4.1_4_6.G17.BgImage","This element's text is placed on a background image. Ensure the contrast ratio between the text and all covered parts of the image are at least 7:1.","warning","<option value=\"75\">Pneumoccocal Vaccine</option>","#home-wdis > div > div > select > option:nth-child(77)"
"WCAG2AAA.Principle1.Guideline1_4.1_4_6.G17.BgImage","This element's text is placed on a background image. Ensure the contrast ratio between the text and all covered parts of the image are at least 7:1.","warning","<option value=\"76\">Prescription Queries</option>","#home-wdis > div > div > select > option:nth-child(78)"
"WCAG2AAA.Principle1.Guideline1_4.1_4_6.G17.BgImage","This element's text is placed on a background image. Ensure the contrast ratio between the text and all covered parts of the image are at least 7:1.","warning","<option value=\"77\">Rashes</option>","#home-wdis > div > div > select > option:nth-child(79)"
"WCAG2AAA.Principle1.Guideline1_4.1_4_6.G17.BgImage","This element's text is placed on a background image. Ensure the contrast ratio between the text and all covered parts of the image are at least 7:1.","warning","<option value=\"78\">Rectal Problems</option>","#home-wdis > div > div > select > option:nth-child(80)"
"WCAG2AAA.Principle1.Guideline1_4.1_4_6.G17.BgImage","This element's text is placed on a background image. Ensure the contrast ratio between the text and all covered parts of the image are at least 7:1.","warning","<option value=\"79\">Removal of Stitches</option>","#home-wdis > div > div > select > option:nth-child(81)"
"WCAG2AAA.Principle1.Guideline1_4.1_4_6.G17.BgImage","This element's text is placed on a background image. Ensure the contrast ratio between the text and all covered parts of the image are at least 7:1.","warning","<option value=\"80\">Ring Pessary</option>","#home-wdis > div > div > select > option:nth-child(82)"
"WCAG2AAA.Principle1.Guideline1_4.1_4_6.G17.BgImage","This element's text is placed on a background image. Ensure the contrast ratio between the text and all covered parts of the image are at least 7:1.","warning","<option value=\"81\">Shingles Vaccine</option>","#home-wdis > div > div > select > option:nth-child(83)"
"WCAG2AAA.Principle1.Guideline1_4.1_4_6.G17.BgImage","This element's text is placed on a background image. Ensure the contrast ratio between the text and all covered parts of the image are at least 7:1.","warning","<option value=\"82\">Sick Note (Fit Note)</option>","#home-wdis > div > div > select > option:nth-child(84)"
"WCAG2AAA.Principle1.Guideline1_4.1_4_6.G17.BgImage","This element's text is placed on a background image. Ensure the contrast ratio between the text and all covered parts of the image are at least 7:1.","warning","<option value=\"83\">Sinusitis</option>","#home-wdis > div > div > select > option:nth-child(85)"
"WCAG2AAA.Principle1.Guideline1_4.1_4_6.G17.BgImage","This element's text is placed on a background image. Ensure the contrast ratio between the text and all covered parts of the image are at least 7:1.","warning","<option value=\"84\">Skin Conditions</option>","#home-wdis > div > div > select > option:nth-child(86)"
"WCAG2AAA.Principle1.Guideline1_4.1_4_6.G17.BgImage","This element's text is placed on a background image. Ensure the contrast ratio between the text and all covered parts of the image are at least 7:1.","warning","<option value=\"85\">Smoking Cessation</option>","#home-wdis > div > div > select > option:nth-child(87)"
"WCAG2AAA.Principle1.Guideline1_4.1_4_6.G17.BgImage","This element's text is placed on a background image. Ensure the contrast ratio between the text and all covered parts of the image are at least 7:1.","warning","<option value=\"86\">Sore Eyes</option>","#home-wdis > div > div > select > option:nth-child(88)"
"WCAG2AAA.Principle1.Guideline1_4.1_4_6.G17.BgImage","This element's text is placed on a background image. Ensure the contrast ratio between the text and all covered parts of the image are at least 7:1.","warning","<option value=\"87\">Sore Penis</option>","#home-wdis > div > div > select > option:nth-child(89)"
"WCAG2AAA.Principle1.Guideline1_4.1_4_6.G17.BgImage","This element's text is placed on a background image. Ensure the contrast ratio between the text and all covered parts of the image are at least 7:1.","warning","<option value=\"88\">Sore Throat</option>","#home-wdis > div > div > select > option:nth-child(90)"
"WCAG2AAA.Principle1.Guideline1_4.1_4_6.G17.BgImage","This element's text is placed on a background image. Ensure the contrast ratio between the text and all covered parts of the image are at least 7:1.","warning","<option value=\"89\">Sprains</option>","#home-wdis > div > div > select > option:nth-child(91)"
"WCAG2AAA.Principle1.Guideline1_4.1_4_6.G17.BgImage","This element's text is placed on a background image. Ensure the contrast ratio between the text and all covered parts of the image are at least 7:1.","warning","<option value=\"90\">Spirometry Testing</option>","#home-wdis > div > div > select > option:nth-child(92)"
"WCAG2AAA.Principle1.Guideline1_4.1_4_6.G17.BgImage","This element's text is placed on a background image. Ensure the contrast ratio between the text and all covered parts of the image are at least 7:1.","warning","<option value=\"91\">Stings</option>","#home-wdis > div > div > select > option:nth-child(93)"
"WCAG2AAA.Principle1.Guideline1_4.1_4_6.G17.BgImage","This element's text is placed on a background image. Ensure the contrast ratio between the text and all covered parts of the image are at least 7:1.","warning","<option value=\"92\">Styes</option>","#home-wdis > div > div > select > option:nth-child(94)"
"WCAG2AAA.Principle1.Guideline1_4.1_4_6.G17.BgImage","This element's text is placed on a background image. Ensure the contrast ratio between the text and all covered parts of the image are at least 7:1.","warning","<option value=\"93\">Sunburn</option>","#home-wdis > div > div > select > option:nth-child(95)"
"WCAG2AAA.Principle1.Guideline1_4.1_4_6.G17.BgImage","This element's text is placed on a background image. Ensure the contrast ratio between the text and all covered parts of the image are at least 7:1.","warning","<option value=\"94\">Tetanus Injection</option>","#home-wdis > div > div > select > option:nth-child(96)"
"WCAG2AAA.Principle1.Guideline1_4.1_4_6.G17.BgImage","This element's text is placed on a background image. Ensure the contrast ratio between the text and all covered parts of the image are at least 7:1.","warning","<option value=\"95\">Threadworm</option>","#home-wdis > div > div > select > option:nth-child(97)"
"WCAG2AAA.Principle1.Guideline1_4.1_4_6.G17.BgImage","This element's text is placed on a background image. Ensure the contrast ratio between the text and all covered parts of the image are at least 7:1.","warning","<option value=\"96\">Thrush (Vaginal)</option>","#home-wdis > div > div > select > option:nth-child(98)"
"WCAG2AAA.Principle1.Guideline1_4.1_4_6.G17.BgImage","This element's text is placed on a background image. Ensure the contrast ratio between the text and all covered parts of the image are at least 7:1.","warning","<option value=\"97\">Travel Vaccinations</option>","#home-wdis > div > div > select > option:nth-child(99)"
"WCAG2AAA.Principle1.Guideline1_4.1_4_6.G17.BgImage","This element's text is placed on a background image. Ensure the contrast ratio between the text and all covered parts of the image are at least 7:1.","warning","<option value=\"98\">Urine Infections</option>","#home-wdis > div > div > select > option:nth-child(100)"
"WCAG2AAA.Principle1.Guideline1_4.1_4_6.G17.BgImage","This element's text is placed on a background image. Ensure the contrast ratio between the text and all covered parts of the image are at least 7:1.","warning","<option value=\"99\">Vaginal Discharge</option>","#home-wdis > div > div > select > option:nth-child(101)"
"WCAG2AAA.Principle1.Guideline1_4.1_4_6.G17.BgImage","This element's text is placed on a background image. Ensure the contrast ratio between the text and all covered parts of the image are at least 7:1.","warning","<option value=\"100\">Verrucae</option>","#home-wdis > div > div > select > option:nth-child(102)"
"WCAG2AAA.Principle1.Guideline1_4.1_4_6.G17.BgImage","This element's text is placed on a background image. Ensure the contrast ratio between the text and all covered parts of the image are at least 7:1.","warning","<option value=\"101\">Vitamin B12 Injection</option>","#home-wdis > div > div > select > option:nth-child(103)"
"WCAG2AAA.Principle1.Guideline1_4.1_4_6.G17.BgImage","This element's text is placed on a background image. Ensure the contrast ratio between the text and all covered parts of the image are at least 7:1.","warning","<option value=\"102\">Vomiting</option>","#home-wdis > div > div > select > option:nth-child(104)"
"WCAG2AAA.Principle1.Guideline1_4.1_4_6.G17.BgImage","This element's text is placed on a background image. Ensure the contrast ratio between the text and all covered parts of the image are at least 7:1.","warning","<option value=\"103\">Warfarin Monitoring</option>","#home-wdis > div > div > select > option:nth-child(105)"
"WCAG2AAA.Principle1.Guideline1_4.1_4_6.G17.BgImage","This element's text is placed on a background image. Ensure the contrast ratio between the text and all covered parts of the image are at least 7:1.","warning","<option value=\"104\">Warts\n</option>","#home-wdis > div > div > select > option:nth-child(106)"
"WCAG2AAA.Principle2.Guideline2_4.2_4_9.H30","Check that text of the link describes the purpose of the link.","notice","<a href=\"https://systmonline.tpp-uk.com/2/Login?Date=20171030092910\" target=\"_blank\" rel=\"noopener\">online</a>","#home-wdis > div > div > div:nth-child(3) > div:nth-child(1) > p > a"
"WCAG2AAA.Principle3.Guideline3_2.3_2_5.H83.3","Check that this link's link text contains information indicating that the link will open in a new window.","warning","<a href=\"https://systmonline.tpp-uk.com/2/Login?Date=20171030092910\" target=\"_blank\" rel=\"noopener\">online</a>","#home-wdis > div > div > div:nth-child(3) > div:nth-child(1) > p > a"
"WCAG2AAA.Principle2.Guideline2_4.2_4_9.H30","Check that text of the link describes the purpose of the link.","notice","<a href=\"https://systmonline.tpp-uk.com/2/Login?Date=20171030092910\" target=\"_blank\" rel=\"noopener\">online</a>","#home-wdis > div > div > div:nth-child(3) > div:nth-child(2) > p > a"
"WCAG2AAA.Principle3.Guideline3_2.3_2_5.H83.3","Check that this link's link text contains information indicating that the link will open in a new window.","warning","<a href=\"https://systmonline.tpp-uk.com/2/Login?Date=20171030092910\" target=\"_blank\" rel=\"noopener\">online</a>","#home-wdis > div > div > div:nth-child(3) > div:nth-child(2) > p > a"
"WCAG2AAA.Principle1.Guideline1_3.1_3_1.H48","If this element contains a navigation section, it is recommended that it be marked up as a list.","warning","<p><strong>Who do I see:</strong>&...</p>","#home-wdis > div > div > div:nth-child(3) > div:nth-child(3) > p"
"WCAG2AAA.Principle2.Guideline2_4.2_4_9.H30","Check that text of the link describes the purpose of the link.","notice","<a href=\"http://www.ealingrise.org.uk/\" target=\"_blank\" rel=\"noopener\">ealingrise.org.uk</a>","#home-wdis > div > div > div:nth-child(3) > div:nth-child(3) > p > a:nth-child(4)"
"WCAG2AAA.Principle3.Guideline3_2.3_2_5.H83.3","Check that this link's link text contains information indicating that the link will open in a new window.","warning","<a href=\"http://www.ealingrise.org.uk/\" target=\"_blank\" rel=\"noopener\">ealingrise.org.uk</a>","#home-wdis > div > div > div:nth-child(3) > div:nth-child(3) > p > a:nth-child(4)"
"WCAG2AAA.Principle2.Guideline2_4.2_4_9.H30","Check that text of the link describes the purpose of the link.","notice","<a href=\"http://www.alcoholics-anonymous.org.uk/AA-Meetings/Find-a-Meeting\" target=\"_blank\" rel=\"noopener\">alcoholics-anonymous.org.uk</a>","#home-wdis > div > div > div:nth-child(3) > div:nth-child(3) > p > a:nth-child(5)"
"WCAG2AAA.Principle3.Guideline3_2.3_2_5.H83.3","Check that this link's link text contains information indicating that the link will open in a new window.","warning","<a href=\"http://www.alcoholics-anonymous.org.uk/AA-Meetings/Find-a-Meeting\" target=\"_blank\" rel=\"noopener\">alcoholics-anonymous.org.uk</a>","#home-wdis > div > div > div:nth-child(3) > div:nth-child(3) > p > a:nth-child(5)"
"WCAG2AAA.Principle2.Guideline2_4.2_4_9.H30","Check that text of the link describes the purpose of the link.","notice","<a href=\"http://www.ealingiapt.co.uk/\" target=\"_blank\" rel=\"noopener\">ealingiapt.co.uk</a>","#home-wdis > div > div > div:nth-child(3) > div:nth-child(4) > p > a"
"WCAG2AAA.Principle3.Guideline3_2.3_2_5.H83.3","Check that this link's link text contains information indicating that the link will open in a new window.","warning","<a href=\"http://www.ealingiapt.co.uk/\" target=\"_blank\" rel=\"noopener\">ealingiapt.co.uk</a>","#home-wdis > div > div > div:nth-child(3) > div:nth-child(4) > p > a"
"WCAG2AAA.Principle2.Guideline2_4.2_4_9.H30","Check that text of the link describes the purpose of the link.","notice","<a href=\"http://www.nhs.uk/Service-Search/Pharmacy/LocationSearch/10\" target=\"_blank\" rel=\"noopener\">Search for your nearest communi...</a>","#home-wdis > div > div > div:nth-child(3) > div:nth-child(5) > p > a"
"WCAG2AAA.Principle3.Guideline3_2.3_2_5.H83.3","Check that this link's link text contains information indicating that the link will open in a new window.","warning","<a href=\"http://www.nhs.uk/Service-Search/Pharmacy/LocationSearch/10\" target=\"_blank\" rel=\"noopener\">Search for your nearest communi...</a>","#home-wdis > div > div > div:nth-child(3) > div:nth-child(5) > p > a"
"WCAG2AAA.Principle2.Guideline2_4.2_4_9.H30","Check that text of the link describes the purpose of the link.","notice","<a href=\"https://www.ealing.gov.uk/info/201175/community_transport/163/blue_badge_scheme/4\" target=\"_blank\" rel=\"noopener\"> Ealing Blue Badge Scheme</a>","#home-wdis > div > div > div:nth-child(3) > div:nth-child(8) > p > a"
"WCAG2AAA.Principle3.Guideline3_2.3_2_5.H83.3","Check that this link's link text contains information indicating that the link will open in a new window.","warning","<a href=\"https://www.ealing.gov.uk/info/201175/community_transport/163/blue_badge_scheme/4\" target=\"_blank\" rel=\"noopener\"> Ealing Blue Badge Scheme</a>","#home-wdis > div > div > div:nth-child(3) > div:nth-child(8) > p > a"
"WCAG2AAA.Principle2.Guideline2_4.2_4_9.H30","Check that text of the link describes the purpose of the link.","notice","<a href=\"https://systmonline.tpp-uk.com/2/Login?Date=20171030092910\" target=\"_blank\" rel=\"noopener\">online</a>","#home-wdis > div > div > div:nth-child(3) > div:nth-child(9) > p > a"
"WCAG2AAA.Principle3.Guideline3_2.3_2_5.H83.3","Check that this link's link text contains information indicating that the link will open in a new window.","warning","<a href=\"https://systmonline.tpp-uk.com/2/Login?Date=20171030092910\" target=\"_blank\" rel=\"noopener\">online</a>","#home-wdis > div > div > div:nth-child(3) > div:nth-child(9) > p > a"
"WCAG2AAA.Principle2.Guideline2_4.2_4_9.H30","Check that text of the link describes the purpose of the link.","notice","<a href=\"https://systmonline.tpp-uk.com/2/Login?Date=20171030092910\" target=\"_blank\" rel=\"noopener\">online</a>","#home-wdis > div > div > div:nth-child(3) > div:nth-child(10) > p > a"
"WCAG2AAA.Principle3.Guideline3_2.3_2_5.H83.3","Check that this link's link text contains information indicating that the link will open in a new window.","warning","<a href=\"https://systmonline.tpp-uk.com/2/Login?Date=20171030092910\" target=\"_blank\" rel=\"noopener\">online</a>","#home-wdis > div > div > div:nth-child(3) > div:nth-child(10) > p > a"
"WCAG2AAA.Principle1.Guideline1_3.1_3_1.H48","If this element contains a navigation section, it is recommended that it be marked up as a list.","warning","<p><strong>Who do I see:</strong>&...</p>","#home-wdis > div > div > div:nth-child(3) > div:nth-child(11) > p"
"WCAG2AAA.Principle2.Guideline2_4.2_4_9.H30","Check that text of the link describes the purpose of the link.","notice","<a href=\"http://www.nhs.uk/Conditions/pregnancy-and-baby/pages/breastfeeding-first-days.aspx\" target=\"_blank\" rel=\"noopener\">NHS advice pages</a>","#home-wdis > div > div > div:nth-child(3) > div:nth-child(11) > p > a:nth-child(4)"
"WCAG2AAA.Principle3.Guideline3_2.3_2_5.H83.3","Check that this link's link text contains information indicating that the link will open in a new window.","warning","<a href=\"http://www.nhs.uk/Conditions/pregnancy-and-baby/pages/breastfeeding-first-days.aspx\" target=\"_blank\" rel=\"noopener\">NHS advice pages</a>","#home-wdis > div > div > div:nth-child(3) > div:nth-child(11) > p > a:nth-child(4)"
"WCAG2AAA.Principle2.Guideline2_4.2_4_9.H30","Check that text of the link describes the purpose of the link.","notice","<a href=\"http://www.nhs.uk/service-search/Breastfeeding-support-services/LocationSearch/360\" target=\"_blank\" rel=\"noopener\">search for a breastfeeding supp...</a>","#home-wdis > div > div > div:nth-child(3) > div:nth-child(11) > p > a:nth-child(5)"
"WCAG2AAA.Principle3.Guideline3_2.3_2_5.H83.3","Check that this link's link text contains information indicating that the link will open in a new window.","warning","<a href=\"http://www.nhs.uk/service-search/Breastfeeding-support-services/LocationSearch/360\" target=\"_blank\" rel=\"noopener\">search for a breastfeeding supp...</a>","#home-wdis > div > div > div:nth-child(3) > div:nth-child(11) > p > a:nth-child(5)"
"WCAG2AAA.Principle2.Guideline2_4.2_4_9.H30","Check that text of the link describes the purpose of the link.","notice","<a href=\"https://systmonline.tpp-uk.com/2/Login?Date=20171030092910\" target=\"_blank\" rel=\"noopener\">online</a>","#home-wdis > div > div > div:nth-child(3) > div:nth-child(11) > p > a:nth-child(6)"
"WCAG2AAA.Principle3.Guideline3_2.3_2_5.H83.3","Check that this link's link text contains information indicating that the link will open in a new window.","warning","<a href=\"https://systmonline.tpp-uk.com/2/Login?Date=20171030092910\" target=\"_blank\" rel=\"noopener\">online</a>","#home-wdis > div > div > div:nth-child(3) > div:nth-child(11) > p > a:nth-child(6)"
"WCAG2AAA.Principle1.Guideline1_3.1_3_1.H48","If this element contains a navigation section, it is recommended that it be marked up as a list.","warning","<p><strong>Who do I see:</strong>&...</p>","#home-wdis > div > div > div:nth-child(3) > div:nth-child(12) > p"
"WCAG2AAA.Principle2.Guideline2_4.2_4_9.H30","Check that text of the link describes the purpose of the link.","notice","<a href=\"http://www.nhs.uk/Service-Search/Pharmacy/LocationSearch/10\" target=\"_blank\" rel=\"noopener\"> search for your nearest commun...</a>","#home-wdis > div > div > div:nth-child(3) > div:nth-child(12) > p > a:nth-child(4)"
"WCAG2AAA.Principle3.Guideline3_2.3_2_5.H83.3","Check that this link's link text contains information indicating that the link will open in a new window.","warning","<a href=\"http://www.nhs.uk/Service-Search/Pharmacy/LocationSearch/10\" target=\"_blank\" rel=\"noopener\"> search for your nearest commun...</a>","#home-wdis > div > div > div:nth-child(3) > div:nth-child(12) > p > a:nth-child(4)"
"WCAG2AAA.Principle2.Guideline2_4.2_4_9.H30","Check that text of the link describes the purpose of the link.","notice","<a href=\"https://systmonline.tpp-uk.com/2/Login?Date=20171030092910\" target=\"_blank\" rel=\"noopener\">online</a>","#home-wdis > div > div > div:nth-child(3) > div:nth-child(12) > p > a:nth-child(5)"
"WCAG2AAA.Principle3.Guideline3_2.3_2_5.H83.3","Check that this link's link text contains information indicating that the link will open in a new window.","warning","<a href=\"https://systmonline.tpp-uk.com/2/Login?Date=20171030092910\" target=\"_blank\" rel=\"noopener\">online</a>","#home-wdis > div > div > div:nth-child(3) > div:nth-child(12) > p > a:nth-child(5)"
"WCAG2AAA.Principle2.Guideline2_4.2_4_9.H30","Check that text of the link describes the purpose of the link.","notice","<a href=\"http://www.nhs.uk/Service-Search/Urgent%20Care/LocationSearch/0\" target=\"_blank\" rel=\"noopener\"> please search for your nearest...</a>","#home-wdis > div > div > div:nth-child(3) > div:nth-child(13) > p > a"
"WCAG2AAA.Principle3.Guideline3_2.3_2_5.H83.3","Check that this link's link text contains information indicating that the link will open in a new window.","warning","<a href=\"http://www.nhs.uk/Service-Search/Urgent%20Care/LocationSearch/0\" target=\"_blank\" rel=\"noopener\"> please search for your nearest...</a>","#home-wdis > div > div > div:nth-child(3) > div:nth-child(13) > p > a"
"WCAG2AAA.Principle2.Guideline2_4.2_4_9.H30","Check that text of the link describes the purpose of the link.","notice","<a href=\"https://systmonline.tpp-uk.com/2/Login?Date=20171030092910\" target=\"_blank\" rel=\"noopener\">online</a>","#home-wdis > div > div > div:nth-child(3) > div:nth-child(16) > p > a"
"WCAG2AAA.Principle3.Guideline3_2.3_2_5.H83.3","Check that this link's link text contains information indicating that the link will open in a new window.","warning","<a href=\"https://systmonline.tpp-uk.com/2/Login?Date=20171030092910\" target=\"_blank\" rel=\"noopener\">online</a>","#home-wdis > div > div > div:nth-child(3) > div:nth-child(16) > p > a"
"WCAG2AAA.Principle2.Guideline2_4.2_4_9.H30","Check that text of the link describes the purpose of the link.","notice","<a href=\"https://systmonline.tpp-uk.com/2/Login?Date=20171030092910\" target=\"_blank\" rel=\"noopener\">online</a>","#home-wdis > div > div > div:nth-child(3) > div:nth-child(17) > p > a"
"WCAG2AAA.Principle3.Guideline3_2.3_2_5.H83.3","Check that this link's link text contains information indicating that the link will open in a new window.","warning","<a href=\"https://systmonline.tpp-uk.com/2/Login?Date=20171030092910\" target=\"_blank\" rel=\"noopener\">online</a>","#home-wdis > div > div > div:nth-child(3) > div:nth-child(17) > p > a"
"WCAG2AAA.Principle2.Guideline2_4.2_4_9.H30","Check that text of the link describes the purpose of the link.","notice","<a href=\"http://www.nhs.uk/Conditions/vaccinations/Pages/vaccination-schedule-age-checklist.aspx\" target=\"_blank\" rel=\"noopener noreferrer\">NHS Choices</a>","#home-wdis > div > div > div:nth-child(3) > div:nth-child(18) > p > a"
"WCAG2AAA.Principle3.Guideline3_2.3_2_5.H83.3","Check that this link's link text contains information indicating that the link will open in a new window.","warning","<a href=\"http://www.nhs.uk/Conditions/vaccinations/Pages/vaccination-schedule-age-checklist.aspx\" target=\"_blank\" rel=\"noopener noreferrer\">NHS Choices</a>","#home-wdis > div > div > div:nth-child(3) > div:nth-child(18) > p > a"
"WCAG2AAA.Principle2.Guideline2_4.2_4_9.H30","Check that text of the link describes the purpose of the link.","notice","<a href=\"https://systmonline.tpp-uk.com/2/Login?Date=20171030092910\" target=\"_blank\" rel=\"noopener\">online</a>","#home-wdis > div > div > div:nth-child(3) > div:nth-child(20) > p > a"
"WCAG2AAA.Principle3.Guideline3_2.3_2_5.H83.3","Check that this link's link text contains information indicating that the link will open in a new window.","warning","<a href=\"https://systmonline.tpp-uk.com/2/Login?Date=20171030092910\" target=\"_blank\" rel=\"noopener\">online</a>","#home-wdis > div > div > div:nth-child(3) > div:nth-child(20) > p > a"
"WCAG2AAA.Principle2.Guideline2_4.2_4_9.H30","Check that text of the link describes the purpose of the link.","notice","<a href=\"http://www.nhs.uk/Service-Search/Pharmacy/LocationSearch/10\" target=\"_blank\" rel=\"noopener\">Search for your nearest communi...</a>","#home-wdis > div > div > div:nth-child(3) > div:nth-child(21) > p > a"
"WCAG2AAA.Principle3.Guideline3_2.3_2_5.H83.3","Check that this link's link text contains information indicating that the link will open in a new window.","warning","<a href=\"http://www.nhs.uk/Service-Search/Pharmacy/LocationSearch/10\" target=\"_blank\" rel=\"noopener\">Search for your nearest communi...</a>","#home-wdis > div > div > div:nth-child(3) > div:nth-child(21) > p > a"
"WCAG2AAA.Principle1.Guideline1_3.1_3_1.H48","If this element contains a navigation section, it is recommended that it be marked up as a list.","warning","<p><strong>Who do I see:</strong>&...</p>","#home-wdis > div > div > div:nth-child(3) > div:nth-child(22) > p"
"WCAG2AAA.Principle2.Guideline2_4.2_4_9.H30","Check that text of the link describes the purpose of the link.","notice","<a href=\"http://www.nhs.uk/Service-Search/Pharmacy/LocationSearch/10\" target=\"_blank\" rel=\"noopener\">Search for your nearest communi...</a>","#home-wdis > div > div > div:nth-child(3) > div:nth-child(22) > p > a:nth-child(4)"
"WCAG2AAA.Principle3.Guideline3_2.3_2_5.H83.3","Check that this link's link text contains information indicating that the link will open in a new window.","warning","<a href=\"http://www.nhs.uk/Service-Search/Pharmacy/LocationSearch/10\" target=\"_blank\" rel=\"noopener\">Search for your nearest communi...</a>","#home-wdis > div > div > div:nth-child(3) > div:nth-child(22) > p > a:nth-child(4)"
"WCAG2AAA.Principle2.Guideline2_4.2_4_9.H30","Check that text of the link describes the purpose of the link.","notice","<a href=\"http://www.nhs.uk/conditions/cold-common\" target=\"_blank\" rel=\"noopener noreferrer\">NHS choices</a>","#home-wdis > div > div > div:nth-child(3) > div:nth-child(22) > p > a:nth-child(5)"
"WCAG2AAA.Principle3.Guideline3_2.3_2_5.H83.3","Check that this link's link text contains information indicating that the link will open in a new window.","warning","<a href=\"http://www.nhs.uk/conditions/cold-common\" target=\"_blank\" rel=\"noopener noreferrer\">NHS choices</a>","#home-wdis > div > div > div:nth-child(3) > div:nth-child(22) > p > a:nth-child(5)"
"WCAG2AAA.Principle1.Guideline1_3.1_3_1.H48","If this element contains a navigation section, it is recommended that it be marked up as a list.","warning","<p><strong>Who do I see:</strong>&...</p>","#home-wdis > div > div > div:nth-child(3) > div:nth-child(23) > p"
"WCAG2AAA.Principle2.Guideline2_4.2_4_9.H30","Check that text of the link describes the purpose of the link.","notice","<a href=\"http://www.nhs.uk/Service-Search/Pharmacy/LocationSearch/10\" target=\"_blank\" rel=\"noopener\">Search for your nearest communi...</a>","#home-wdis > div > div > div:nth-child(3) > div:nth-child(23) > p > a:nth-child(4)"
"WCAG2AAA.Principle3.Guideline3_2.3_2_5.H83.3","Check that this link's link text contains information indicating that the link will open in a new window.","warning","<a href=\"http://www.nhs.uk/Service-Search/Pharmacy/LocationSearch/10\" target=\"_blank\" rel=\"noopener\">Search for your nearest communi...</a>","#home-wdis > div > div > div:nth-child(3) > div:nth-child(23) > p > a:nth-child(4)"
"WCAG2AAA.Principle2.Guideline2_4.2_4_9.H30","Check that text of the link describes the purpose of the link.","notice","<a href=\"https://systmonline.tpp-uk.com/2/Login?Date=20171030092910\" target=\"_blank\" rel=\"noopener\">online</a>","#home-wdis > div > div > div:nth-child(3) > div:nth-child(23) > p > a:nth-child(5)"
"WCAG2AAA.Principle3.Guideline3_2.3_2_5.H83.3","Check that this link's link text contains information indicating that the link will open in a new window.","warning","<a href=\"https://systmonline.tpp-uk.com/2/Login?Date=20171030092910\" target=\"_blank\" rel=\"noopener\">online</a>","#home-wdis > div > div > div:nth-child(3) > div:nth-child(23) > p > a:nth-child(5)"
"WCAG2AAA.Principle1.Guideline1_3.1_3_1.H48","If this element contains a navigation section, it is recommended that it be marked up as a list.","warning","<p><strong>Who do I see:</strong>&...</p>","#home-wdis > div > div > div:nth-child(3) > div:nth-child(24) > p"
"WCAG2AAA.Principle2.Guideline2_4.2_4_9.H30","Check that text of the link describes the purpose of the link.","notice","<a href=\"http://www.lnwh.nhs.uk/services/ealing-community-services/family-planning-ealing/\" target=\"_blank\" rel=\"noopener\">Find out more information about...</a>","#home-wdis > div > div > div:nth-child(3) > div:nth-child(24) > p > a:nth-child(4)"
"WCAG2AAA.Principle3.Guideline3_2.3_2_5.H83.3","Check that this link's link text contains information indicating that the link will open in a new window.","warning","<a href=\"http://www.lnwh.nhs.uk/services/ealing-community-services/family-planning-ealing/\" target=\"_blank\" rel=\"noopener\">Find out more information about...</a>","#home-wdis > div > div > div:nth-child(3) > div:nth-child(24) > p > a:nth-child(4)"
"WCAG2AAA.Principle2.Guideline2_4.2_4_9.H30","Check that text of the link describes the purpose of the link.","notice","<a href=\"https://systmonline.tpp-uk.com/2/Login?Date=20171030092910\" target=\"_blank\" rel=\"noopener\">online</a>","#home-wdis > div > div > div:nth-child(3) > div:nth-child(24) > p > a:nth-child(5)"
"WCAG2AAA.Principle3.Guideline3_2.3_2_5.H83.3","Check that this link's link text contains information indicating that the link will open in a new window.","warning","<a href=\"https://systmonline.tpp-uk.com/2/Login?Date=20171030092910\" target=\"_blank\" rel=\"noopener\">online</a>","#home-wdis > div > div > div:nth-child(3) > div:nth-child(24) > p > a:nth-child(5)"
"WCAG2AAA.Principle1.Guideline1_3.1_3_1.H48","If this element contains a navigation section, it is recommended that it be marked up as a list.","warning","<p><strong>Who do I see:</strong>&...</p>","#home-wdis > div > div > div:nth-child(3) > div:nth-child(25) > p"
"WCAG2AAA.Principle2.Guideline2_4.2_4_9.H30","Check that text of the link describes the purpose of the link.","notice","<a href=\"http://www.nhs.uk/Service-Search/Pharmacy/LocationSearch/10\" target=\"_blank\" rel=\"noopener\">Search for your nearest communi...</a>","#home-wdis > div > div > div:nth-child(3) > div:nth-child(25) > p > a:nth-child(4)"
"WCAG2AAA.Principle3.Guideline3_2.3_2_5.H83.3","Check that this link's link text contains information indicating that the link will open in a new window.","warning","<a href=\"http://www.nhs.uk/Service-Search/Pharmacy/LocationSearch/10\" target=\"_blank\" rel=\"noopener\">Search for your nearest communi...</a>","#home-wdis > div > div > div:nth-child(3) > div:nth-child(25) > p > a:nth-child(4)"
"WCAG2AAA.Principle2.Guideline2_4.2_4_9.H30","Check that text of the link describes the purpose of the link.","notice","<a href=\"https://systmonline.tpp-uk.com/2/Login?Date=20171030092910\" target=\"_blank\" rel=\"noopener\">online</a>","#home-wdis > div > div > div:nth-child(3) > div:nth-child(25) > p > a:nth-child(5)"
"WCAG2AAA.Principle3.Guideline3_2.3_2_5.H83.3","Check that this link's link text contains information indicating that the link will open in a new window.","warning","<a href=\"https://systmonline.tpp-uk.com/2/Login?Date=20171030092910\" target=\"_blank\" rel=\"noopener\">online</a>","#home-wdis > div > div > div:nth-child(3) > div:nth-child(25) > p > a:nth-child(5)"
"WCAG2AAA.Principle1.Guideline1_3.1_3_1.H48","If this element contains a navigation section, it is recommended that it be marked up as a list.","warning","<p><strong>Who do I see:</strong> ...</p>","#home-wdis > div > div > div:nth-child(3) > div:nth-child(26) > p"
"WCAG2AAA.Principle2.Guideline2_4.2_4_9.H30","Check that text of the link describes the purpose of the link.","notice","<a href=\"http://www.nhs.uk/Service-Search/Pharmacy/LocationSearch/10\" target=\"_blank\" rel=\"noopener\">Search for your nearest communi...</a>","#home-wdis > div > div > div:nth-child(3) > div:nth-child(26) > p > a:nth-child(4)"
"WCAG2AAA.Principle3.Guideline3_2.3_2_5.H83.3","Check that this link's link text contains information indicating that the link will open in a new window.","warning","<a href=\"http://www.nhs.uk/Service-Search/Pharmacy/LocationSearch/10\" target=\"_blank\" rel=\"noopener\">Search for your nearest communi...</a>","#home-wdis > div > div > div:nth-child(3) > div:nth-child(26) > p > a:nth-child(4)"
"WCAG2AAA.Principle2.Guideline2_4.2_4_9.H30","Check that text of the link describes the purpose of the link.","notice","<a href=\"https://systmonline.tpp-uk.com/2/Login?Date=20171030092910\" target=\"_blank\" rel=\"noopener\">online</a>","#home-wdis > div > div > div:nth-child(3) > div:nth-child(26) > p > a:nth-child(5)"
"WCAG2AAA.Principle3.Guideline3_2.3_2_5.H83.3","Check that this link's link text contains information indicating that the link will open in a new window.","warning","<a href=\"https://systmonline.tpp-uk.com/2/Login?Date=20171030092910\" target=\"_blank\" rel=\"noopener\">online</a>","#home-wdis > div > div > div:nth-child(3) > div:nth-child(26) > p > a:nth-child(5)"
"WCAG2AAA.Principle1.Guideline1_3.1_3_1.H48","If this element contains a navigation section, it is recommended that it be marked up as a list.","warning","<p><strong>Who do I see:</strong> ...</p>","#home-wdis > div > div > div:nth-child(3) > div:nth-child(28) > p"
"WCAG2AAA.Principle2.Guideline2_4.2_4_9.H30","Check that text of the link describes the purpose of the link.","notice","<a href=\"http://www.nhs.uk/Service-Search/Dentist/LocationSearch/3\">NHS Find Dentist Services</a>","#home-wdis > div > div > div:nth-child(3) > div:nth-child(28) > p > a:nth-child(4)"
"WCAG2AAA.Principle2.Guideline2_4.2_4_9.H30","Check that text of the link describes the purpose of the link.","notice","<a href=\"https://systmonline.tpp-uk.com/2/Login?Date=20171030092910\" target=\"_blank\" rel=\"noopener\">online</a>","#home-wdis > div > div > div:nth-child(3) > div:nth-child(28) > p > a:nth-child(5)"
"WCAG2AAA.Principle3.Guideline3_2.3_2_5.H83.3","Check that this link's link text contains information indicating that the link will open in a new window.","warning","<a href=\"https://systmonline.tpp-uk.com/2/Login?Date=20171030092910\" target=\"_blank\" rel=\"noopener\">online</a>","#home-wdis > div > div > div:nth-child(3) > div:nth-child(28) > p > a:nth-child(5)"
"WCAG2AAA.Principle1.Guideline1_3.1_3_1.H48","If this element contains a navigation section, it is recommended that it be marked up as a list.","warning","<p><strong>Who do I see:</strong>&...</p>","#home-wdis > div > div > div:nth-child(3) > div:nth-child(30) > p"
"WCAG2AAA.Principle2.Guideline2_4.2_4_9.H30","Check that text of the link describes the purpose of the link.","notice","<a href=\"http://www.lnwh.nhs.uk/services/ealing-community-services/family-planning-ealing/\" target=\"_blank\" rel=\"noopener\">Find out more information about...</a>","#home-wdis > div > div > div:nth-child(3) > div:nth-child(30) > p > a:nth-child(4)"
"WCAG2AAA.Principle3.Guideline3_2.3_2_5.H83.3","Check that this link's link text contains information indicating that the link will open in a new window.","warning","<a href=\"http://www.lnwh.nhs.uk/services/ealing-community-services/family-planning-ealing/\" target=\"_blank\" rel=\"noopener\">Find out more information about...</a>","#home-wdis > div > div > div:nth-child(3) > div:nth-child(30) > p > a:nth-child(4)"
"WCAG2AAA.Principle2.Guideline2_4.2_4_9.H30","Check that text of the link describes the purpose of the link.","notice","<a href=\"https://systmonline.tpp-uk.com/2/Login?Date=20171030092910\" target=\"_blank\" rel=\"noopener\">online</a>","#home-wdis > div > div > div:nth-child(3) > div:nth-child(30) > p > a:nth-child(5)"
"WCAG2AAA.Principle3.Guideline3_2.3_2_5.H83.3","Check that this link's link text contains information indicating that the link will open in a new window.","warning","<a href=\"https://systmonline.tpp-uk.com/2/Login?Date=20171030092910\" target=\"_blank\" rel=\"noopener\">online</a>","#home-wdis > div > div > div:nth-child(3) > div:nth-child(30) > p > a:nth-child(5)"
"WCAG2AAA.Principle1.Guideline1_3.1_3_1.H48","If this element contains a navigation section, it is recommended that it be marked up as a list.","warning","<p><strong>Who do I see:</strong>&...</p>","#home-wdis > div > div > div:nth-child(3) > div:nth-child(31) > p"
"WCAG2AAA.Principle2.Guideline2_4.2_4_9.H30","Check that text of the link describes the purpose of the link.","notice","<a href=\"http://www.ealingiapt.co.uk/\" target=\"_blank\" rel=\"noopener\">ealingiapt.co.uk</a>","#home-wdis > div > div > div:nth-child(3) > div:nth-child(31) > p > a:nth-child(4)"
"WCAG2AAA.Principle3.Guideline3_2.3_2_5.H83.3","Check that this link's link text contains information indicating that the link will open in a new window.","warning","<a href=\"http://www.ealingiapt.co.uk/\" target=\"_blank\" rel=\"noopener\">ealingiapt.co.uk</a>","#home-wdis > div > div > div:nth-child(3) > div:nth-child(31) > p > a:nth-child(4)"
"WCAG2AAA.Principle2.Guideline2_4.2_4_9.H30","Check that text of the link describes the purpose of the link.","notice","<a href=\"https://systmonline.tpp-uk.com/2/Login?Date=20171030092910\" target=\"_blank\" rel=\"noopener\">online</a>","#home-wdis > div > div > div:nth-child(3) > div:nth-child(31) > p > a:nth-child(5)"
"WCAG2AAA.Principle3.Guideline3_2.3_2_5.H83.3","Check that this link's link text contains information indicating that the link will open in a new window.","warning","<a href=\"https://systmonline.tpp-uk.com/2/Login?Date=20171030092910\" target=\"_blank\" rel=\"noopener\">online</a>","#home-wdis > div > div > div:nth-child(3) > div:nth-child(31) > p > a:nth-child(5)"
"WCAG2AAA.Principle2.Guideline2_4.2_4_9.H30","Check that text of the link describes the purpose of the link.","notice","<a href=\"https://systmonline.tpp-uk.com/2/Login?Date=20171030092910\" target=\"_blank\" rel=\"noopener\">online</a>","#home-wdis > div > div > div:nth-child(3) > div:nth-child(32) > p > span > a"
"WCAG2AAA.Principle3.Guideline3_2.3_2_5.H83.3","Check that this link's link text contains information indicating that the link will open in a new window.","warning","<a href=\"https://systmonline.tpp-uk.com/2/Login?Date=20171030092910\" target=\"_blank\" rel=\"noopener\">online</a>","#home-wdis > div > div > div:nth-child(3) > div:nth-child(32) > p > span > a"
"WCAG2AAA.Principle1.Guideline1_3.1_3_1.H48","If this element contains a navigation section, it is recommended that it be marked up as a list.","warning","<p><strong>Who do I see:</strong>&...</p>","#home-wdis > div > div > div:nth-child(3) > div:nth-child(33) > p"
"WCAG2AAA.Principle2.Guideline2_4.2_4_9.H30","Check that text of the link describes the purpose of the link.","notice","<a href=\"http://www.nhs.uk/Service-Search/Pharmacy/LocationSearch/10\" target=\"_blank\" rel=\"noopener\">Search for your nearest communi...</a>","#home-wdis > div > div > div:nth-child(3) > div:nth-child(33) > p > a:nth-child(4)"
"WCAG2AAA.Principle3.Guideline3_2.3_2_5.H83.3","Check that this link's link text contains information indicating that the link will open in a new window.","warning","<a href=\"http://www.nhs.uk/Service-Search/Pharmacy/LocationSearch/10\" target=\"_blank\" rel=\"noopener\">Search for your nearest communi...</a>","#home-wdis > div > div > div:nth-child(3) > div:nth-child(33) > p > a:nth-child(4)"
"WCAG2AAA.Principle2.Guideline2_4.2_4_9.H30","Check that text of the link describes the purpose of the link.","notice","<a href=\"https://systmonline.tpp-uk.com/2/Login?Date=20171030092910\" target=\"_blank\" rel=\"noopener\">online</a>","#home-wdis > div > div > div:nth-child(3) > div:nth-child(33) > p > a:nth-child(5)"
"WCAG2AAA.Principle3.Guideline3_2.3_2_5.H83.3","Check that this link's link text contains information indicating that the link will open in a new window.","warning","<a href=\"https://systmonline.tpp-uk.com/2/Login?Date=20171030092910\" target=\"_blank\" rel=\"noopener\">online</a>","#home-wdis > div > div > div:nth-child(3) > div:nth-child(33) > p > a:nth-child(5)"
"WCAG2AAA.Principle1.Guideline1_3.1_3_1.H48","If this element contains a navigation section, it is recommended that it be marked up as a list.","warning","<p><strong>Who do I see:&nbsp;</st...</p>","#home-wdis > div > div > div:nth-child(3) > div:nth-child(34) > p"
"WCAG2AAA.Principle2.Guideline2_4.2_4_9.H30","Check that text of the link describes the purpose of the link.","notice","<a href=\"http://oneyouealing.org/\" target=\"_blank\" rel=\"noopener\">oneyouealing.org</a>","#home-wdis > div > div > div:nth-child(3) > div:nth-child(34) > p > a:nth-child(4)"
"WCAG2AAA.Principle3.Guideline3_2.3_2_5.H83.3","Check that this link's link text contains information indicating that the link will open in a new window.","warning","<a href=\"http://oneyouealing.org/\" target=\"_blank\" rel=\"noopener\">oneyouealing.org</a>","#home-wdis > div > div > div:nth-child(3) > div:nth-child(34) > p > a:nth-child(4)"
"WCAG2AAA.Principle2.Guideline2_4.2_4_9.H30","Check that text of the link describes the purpose of the link.","notice","<a href=\"https://systmonline.tpp-uk.com/2/Login?Date=20171030092910\" target=\"_blank\" rel=\"noopener\">online</a>","#home-wdis > div > div > div:nth-child(3) > div:nth-child(34) > p > a:nth-child(5)"
"WCAG2AAA.Principle3.Guideline3_2.3_2_5.H83.3","Check that this link's link text contains information indicating that the link will open in a new window.","warning","<a href=\"https://systmonline.tpp-uk.com/2/Login?Date=20171030092910\" target=\"_blank\" rel=\"noopener\">online</a>","#home-wdis > div > div > div:nth-child(3) > div:nth-child(34) > p > a:nth-child(5)"
"WCAG2AAA.Principle2.Guideline2_4.2_4_9.H30","Check that text of the link describes the purpose of the link.","notice","<a href=\"https://systmonline.tpp-uk.com/2/Login?Date=20171030092910\" target=\"_blank\" rel=\"noopener\">online</a>","#home-wdis > div > div > div:nth-child(3) > div:nth-child(35) > p > a"
"WCAG2AAA.Principle3.Guideline3_2.3_2_5.H83.3","Check that this link's link text contains information indicating that the link will open in a new window.","warning","<a href=\"https://systmonline.tpp-uk.com/2/Login?Date=20171030092910\" target=\"_blank\" rel=\"noopener\">online</a>","#home-wdis > div > div > div:nth-child(3) > div:nth-child(35) > p > a"
"WCAG2AAA.Principle1.Guideline1_3.1_3_1.H48","If this element contains a navigation section, it is recommended that it be marked up as a list.","warning","<p><strong>Who do I see:</strong>&...</p>","#home-wdis > div > div > div:nth-child(3) > div:nth-child(37) > p"
"WCAG2AAA.Principle2.Guideline2_4.2_4_9.H30","Check that text of the link describes the purpose of the link.","notice","<a href=\"http://www.ealingrise.org.uk/\" target=\"_blank\" rel=\"noopener\">ealingrise.org.uk</a>","#home-wdis > div > div > div:nth-child(3) > div:nth-child(37) > p > a:nth-child(4)"
"WCAG2AAA.Principle3.Guideline3_2.3_2_5.H83.3","Check that this link's link text contains information indicating that the link will open in a new window.","warning","<a href=\"http://www.ealingrise.org.uk/\" target=\"_blank\" rel=\"noopener\">ealingrise.org.uk</a>","#home-wdis > div > div > div:nth-child(3) > div:nth-child(37) > p > a:nth-child(4)"
"WCAG2AAA.Principle2.Guideline2_4.2_4_9.H30","Check that text of the link describes the purpose of the link.","notice","<a href=\"http://www.alcoholics-anonymous.org.uk/AA-Meetings/Find-a-Meeting\" target=\"_blank\" rel=\"noopener\">alcoholics-anonymous.org.uk</a>","#home-wdis > div > div > div:nth-child(3) > div:nth-child(37) > p > a:nth-child(5)"
"WCAG2AAA.Principle3.Guideline3_2.3_2_5.H83.3","Check that this link's link text contains information indicating that the link will open in a new window.","warning","<a href=\"http://www.alcoholics-anonymous.org.uk/AA-Meetings/Find-a-Meeting\" target=\"_blank\" rel=\"noopener\">alcoholics-anonymous.org.uk</a>","#home-wdis > div > div > div:nth-child(3) > div:nth-child(37) > p > a:nth-child(5)"
"WCAG2AAA.Principle1.Guideline1_3.1_3_1.H48","If this element contains a navigation section, it is recommended that it be marked up as a list.","warning","<p><strong>Who do I see:</strong>&...</p>","#home-wdis > div > div > div:nth-child(3) > div:nth-child(38) > p"
"WCAG2AAA.Principle2.Guideline2_4.2_4_9.H30","Check that text of the link describes the purpose of the link.","notice","<a href=\"http://www.nhs.uk/Service-Search/Pharmacy/LocationSearch/10\" target=\"_blank\" rel=\"noopener\">Search for your nearest communi...</a>","#home-wdis > div > div > div:nth-child(3) > div:nth-child(38) > p > a:nth-child(4)"
"WCAG2AAA.Principle3.Guideline3_2.3_2_5.H83.3","Check that this link's link text contains information indicating that the link will open in a new window.","warning","<a href=\"http://www.nhs.uk/Service-Search/Pharmacy/LocationSearch/10\" target=\"_blank\" rel=\"noopener\">Search for your nearest communi...</a>","#home-wdis > div > div > div:nth-child(3) > div:nth-child(38) > p > a:nth-child(4)"
"WCAG2AAA.Principle2.Guideline2_4.2_4_9.H30","Check that text of the link describes the purpose of the link.","notice","<a href=\"http://www.nhs.uk/conditions/earwax\" target=\"_blank\" rel=\"noopener noreferrer\">NHS Choices.</a>","#home-wdis > div > div > div:nth-child(3) > div:nth-child(38) > p > a:nth-child(5)"
"WCAG2AAA.Principle3.Guideline3_2.3_2_5.H83.3","Check that this link's link text contains information indicating that the link will open in a new window.","warning","<a href=\"http://www.nhs.uk/conditions/earwax\" target=\"_blank\" rel=\"noopener noreferrer\">NHS Choices.</a>","#home-wdis > div > div > div:nth-child(3) > div:nth-child(38) > p > a:nth-child(5)"
"WCAG2AAA.Principle2.Guideline2_4.2_4_9.H30","Check that text of the link describes the purpose of the link.","notice","<a href=\"https://systmonline.tpp-uk.com/2/Login?Date=20171030092910\" target=\"_blank\" rel=\"noopener\">online</a>","#home-wdis > div > div > div:nth-child(3) > div:nth-child(39) > p > a"
"WCAG2AAA.Principle3.Guideline3_2.3_2_5.H83.3","Check that this link's link text contains information indicating that the link will open in a new window.","warning","<a href=\"https://systmonline.tpp-uk.com/2/Login?Date=20171030092910\" target=\"_blank\" rel=\"noopener\">online</a>","#home-wdis > div > div > div:nth-child(3) > div:nth-child(39) > p > a"
"WCAG2AAA.Principle1.Guideline1_3.1_3_1.H48","If this element contains a navigation section, it is recommended that it be marked up as a list.","warning","<p><strong>Who do I see:</strong>&...</p>","#home-wdis > div > div > div:nth-child(3) > div:nth-child(41) > p"
"WCAG2AAA.Principle2.Guideline2_4.2_4_9.H30","Check that text of the link describes the purpose of the link.","notice","<a href=\"http://www.nhs.uk/Service-Search/Pharmacy/LocationSearch/10\" target=\"_blank\" rel=\"noopener\">Search for your nearest communi...</a>","#home-wdis > div > div > div:nth-child(3) > div:nth-child(41) > p > a:nth-child(4)"
"WCAG2AAA.Principle3.Guideline3_2.3_2_5.H83.3","Check that this link's link text contains information indicating that the link will open in a new window.","warning","<a href=\"http://www.nhs.uk/Service-Search/Pharmacy/LocationSearch/10\" target=\"_blank\" rel=\"noopener\">Search for your nearest communi...</a>","#home-wdis > div > div > div:nth-child(3) > div:nth-child(41) > p > a:nth-child(4)"
"WCAG2AAA.Principle2.Guideline2_4.2_4_9.H30","Check that text of the link describes the purpose of the link.","notice","<a href=\"https://systmonline.tpp-uk.com/2/Login?Date=20171030092910\" target=\"_blank\" rel=\"noopener\">online</a>","#home-wdis > div > div > div:nth-child(3) > div:nth-child(41) > p > a:nth-child(5)"
"WCAG2AAA.Principle3.Guideline3_2.3_2_5.H83.3","Check that this link's link text contains information indicating that the link will open in a new window.","warning","<a href=\"https://systmonline.tpp-uk.com/2/Login?Date=20171030092910\" target=\"_blank\" rel=\"noopener\">online</a>","#home-wdis > div > div > div:nth-child(3) > div:nth-child(41) > p > a:nth-child(5)"
"WCAG2AAA.Principle1.Guideline1_3.1_3_1.H48","If this element contains a navigation section, it is recommended that it be marked up as a list.","warning","<p><strong>Who do I see:</strong>&...</p>","#home-wdis > div > div > div:nth-child(3) > div:nth-child(42) > p"
"WCAG2AAA.Principle2.Guideline2_4.2_4_9.H30","Check that text of the link describes the purpose of the link.","notice","<a href=\"http://www.nhs.uk/Service-Search/Pharmacy/LocationSearch/10\" target=\"_blank\" rel=\"noopener\">Search for your nearest communi...</a>","#home-wdis > div > div > div:nth-child(3) > div:nth-child(42) > p > a:nth-child(4)"
"WCAG2AAA.Principle3.Guideline3_2.3_2_5.H83.3","Check that this link's link text contains information indicating that the link will open in a new window.","warning","<a href=\"http://www.nhs.uk/Service-Search/Pharmacy/LocationSearch/10\" target=\"_blank\" rel=\"noopener\">Search for your nearest communi...</a>","#home-wdis > div > div > div:nth-child(3) > div:nth-child(42) > p > a:nth-child(4)"
"WCAG2AAA.Principle2.Guideline2_4.2_4_9.H30","Check that text of the link describes the purpose of the link.","notice","<a href=\"http://www.nhs.uk/Service-Search/Family%20planning/LocationSearch/1863\" target=\"_blank\" rel=\"noopener\">nearest Family Planning Clinic</a>","#home-wdis > div > div > div:nth-child(3) > div:nth-child(42) > p > a:nth-child(5)"
"WCAG2AAA.Principle3.Guideline3_2.3_2_5.H83.3","Check that this link's link text contains information indicating that the link will open in a new window.","warning","<a href=\"http://www.nhs.uk/Service-Search/Family%20planning/LocationSearch/1863\" target=\"_blank\" rel=\"noopener\">nearest Family Planning Clinic</a>","#home-wdis > div > div > div:nth-child(3) > div:nth-child(42) > p > a:nth-child(5)"
"WCAG2AAA.Principle2.Guideline2_4.2_4_9.H30","Check that text of the link describes the purpose of the link.","notice","<a href=\"https://systmonline.tpp-uk.com/2/Login?Date=20171030092910\" target=\"_blank\" rel=\"noopener\">online</a>","#home-wdis > div > div > div:nth-child(3) > div:nth-child(42) > p > a:nth-child(6)"
"WCAG2AAA.Principle3.Guideline3_2.3_2_5.H83.3","Check that this link's link text contains information indicating that the link will open in a new window.","warning","<a href=\"https://systmonline.tpp-uk.com/2/Login?Date=20171030092910\" target=\"_blank\" rel=\"noopener\">online</a>","#home-wdis > div > div > div:nth-child(3) > div:nth-child(42) > p > a:nth-child(6)"
"WCAG2AAA.Principle2.Guideline2_4.2_4_9.H30","Check that text of the link describes the purpose of the link.","notice","<a href=\"https://patient.info/health/emergency-contraception-leaflet\" target=\"_blank\" rel=\"noopener\">Find out more information.</a>","#home-wdis > div > div > div:nth-child(3) > div:nth-child(42) > p > a:nth-child(7)"
"WCAG2AAA.Principle3.Guideline3_2.3_2_5.H83.3","Check that this link's link text contains information indicating that the link will open in a new window.","warning","<a href=\"https://patient.info/health/emergency-contraception-leaflet\" target=\"_blank\" rel=\"noopener\">Find out more information.</a>","#home-wdis > div > div > div:nth-child(3) > div:nth-child(42) > p > a:nth-child(7)"
"WCAG2AAA.Principle1.Guideline1_3.1_3_1.H48","If this element contains a navigation section, it is recommended that it be marked up as a list.","warning","<p><strong>Who do I see:</strong>&...</p>","#home-wdis > div > div > div:nth-child(3) > div:nth-child(43) > p"
"WCAG2AAA.Principle2.Guideline2_4.2_4_9.H30","Check that text of the link describes the purpose of the link.","notice","<a href=\"http://www.nhs.uk/Service-Search/Pharmacy/LocationSearch/10\" target=\"_blank\" rel=\"noopener\">Search for your nearest communi...</a>","#home-wdis > div > div > div:nth-child(3) > div:nth-child(43) > p > a:nth-child(4)"
"WCAG2AAA.Principle3.Guideline3_2.3_2_5.H83.3","Check that this link's link text contains information indicating that the link will open in a new window.","warning","<a href=\"http://www.nhs.uk/Service-Search/Pharmacy/LocationSearch/10\" target=\"_blank\" rel=\"noopener\">Search for your nearest communi...</a>","#home-wdis > div > div > div:nth-child(3) > div:nth-child(43) > p > a:nth-child(4)"
"WCAG2AAA.Principle2.Guideline2_4.2_4_9.H30","Check that text of the link describes the purpose of the link.","notice","<a href=\"http://www.nhs.uk/Service-Search/Opticians/LocationSearch/9\" target=\"_blank\" rel=\"noopener\">your nearest opticians</a>","#home-wdis > div > div > div:nth-child(3) > div:nth-child(43) > p > a:nth-child(5)"
"WCAG2AAA.Principle3.Guideline3_2.3_2_5.H83.3","Check that this link's link text contains information indicating that the link will open in a new window.","warning","<a href=\"http://www.nhs.uk/Service-Search/Opticians/LocationSearch/9\" target=\"_blank\" rel=\"noopener\">your nearest opticians</a>","#home-wdis > div > div > div:nth-child(3) > div:nth-child(43) > p > a:nth-child(5)"
"WCAG2AAA.Principle2.Guideline2_4.2_4_9.H30","Check that text of the link describes the purpose of the link.","notice","<a href=\"https://systmonline.tpp-uk.com/2/Login?Date=20171030092910\" target=\"_blank\" rel=\"noopener\">online</a>","#home-wdis > div > div > div:nth-child(3) > div:nth-child(43) > p > a:nth-child(6)"
"WCAG2AAA.Principle3.Guideline3_2.3_2_5.H83.3","Check that this link's link text contains information indicating that the link will open in a new window.","warning","<a href=\"https://systmonline.tpp-uk.com/2/Login?Date=20171030092910\" target=\"_blank\" rel=\"noopener\">online</a>","#home-wdis > div > div > div:nth-child(3) > div:nth-child(43) > p > a:nth-child(6)"
"WCAG2AAA.Principle2.Guideline2_4.2_4_9.H30","Check that text of the link describes the purpose of the link.","notice","<a href=\"http://www.nhs.uk/Service-Search/Urgent%20Care/LocationSearch/0\" target=\"_blank\" rel=\"noopener\">Please search for your nearest ...</a>","#home-wdis > div > div > div:nth-child(3) > div:nth-child(44) > p > a"
"WCAG2AAA.Principle3.Guideline3_2.3_2_5.H83.3","Check that this link's link text contains information indicating that the link will open in a new window.","warning","<a href=\"http://www.nhs.uk/Service-Search/Urgent%20Care/LocationSearch/0\" target=\"_blank\" rel=\"noopener\">Please search for your nearest ...</a>","#home-wdis > div > div > div:nth-child(3) > div:nth-child(44) > p > a"
"WCAG2AAA.Principle2.Guideline2_4.2_4_9.H30","Check that text of the link describes the purpose of the link.","notice","<a href=\"https://systmonline.tpp-uk.com/2/Login?Date=20171030092910\" target=\"_blank\" rel=\"noopener\">online</a>","#home-wdis > div > div > div:nth-child(3) > div:nth-child(45) > p > a"
"WCAG2AAA.Principle3.Guideline3_2.3_2_5.H83.3","Check that this link's link text contains information indicating that the link will open in a new window.","warning","<a href=\"https://systmonline.tpp-uk.com/2/Login?Date=20171030092910\" target=\"_blank\" rel=\"noopener\">online</a>","#home-wdis > div > div > div:nth-child(3) > div:nth-child(45) > p > a"
"WCAG2AAA.Principle2.Guideline2_4.2_4_9.H30","Check that text of the link describes the purpose of the link.","notice","<a href=\"http://www.nhs.uk/Service-Search/Pharmacy/LocationSearch/10\" target=\"_blank\" rel=\"noopener\">Search for your nearest communi...</a>","#home-wdis > div > div > div:nth-child(3) > div:nth-child(46) > p > a"
"WCAG2AAA.Principle3.Guideline3_2.3_2_5.H83.3","Check that this link's link text contains information indicating that the link will open in a new window.","warning","<a href=\"http://www.nhs.uk/Service-Search/Pharmacy/LocationSearch/10\" target=\"_blank\" rel=\"noopener\">Search for your nearest communi...</a>","#home-wdis > div > div > div:nth-child(3) > div:nth-child(46) > p > a"
"WCAG2AAA.Principle1.Guideline1_3.1_3_1.H48","If this element contains a navigation section, it is recommended that it be marked up as a list.","warning","<p><strong>Who do I see:</strong>&...</p>","#home-wdis > div > div > div:nth-child(3) > div:nth-child(49) > p"
"WCAG2AAA.Principle2.Guideline2_4.2_4_9.H30","Check that text of the link describes the purpose of the link.","notice","<a href=\"http://www.nhs.uk/Service-Search/Pharmacy/LocationSearch/10\" target=\"_blank\" rel=\"noopener\">Search for your nearest communi...</a>","#home-wdis > div > div > div:nth-child(3) > div:nth-child(49) > p > a:nth-child(4)"
"WCAG2AAA.Principle3.Guideline3_2.3_2_5.H83.3","Check that this link's link text contains information indicating that the link will open in a new window.","warning","<a href=\"http://www.nhs.uk/Service-Search/Pharmacy/LocationSearch/10\" target=\"_blank\" rel=\"noopener\">Search for your nearest communi...</a>","#home-wdis > div > div > div:nth-child(3) > div:nth-child(49) > p > a:nth-child(4)"
"WCAG2AAA.Principle2.Guideline2_4.2_4_9.H30","Check that text of the link describes the purpose of the link.","notice","<a href=\"https://systmonline.tpp-uk.com/2/Login?Date=20171030092910\" target=\"_blank\" rel=\"noopener\">online</a>","#home-wdis > div > div > div:nth-child(3) > div:nth-child(49) > p > a:nth-child(5)"
"WCAG2AAA.Principle3.Guideline3_2.3_2_5.H83.3","Check that this link's link text contains information indicating that the link will open in a new window.","warning","<a href=\"https://systmonline.tpp-uk.com/2/Login?Date=20171030092910\" target=\"_blank\" rel=\"noopener\">online</a>","#home-wdis > div > div > div:nth-child(3) > div:nth-child(49) > p > a:nth-child(5)"
"WCAG2AAA.Principle1.Guideline1_3.1_3_1.H48","If this element contains a navigation section, it is recommended that it be marked up as a list.","warning","<p><strong>Who do I see:</strong> ...</p>","#home-wdis > div > div > div:nth-child(3) > div:nth-child(50) > p"
"WCAG2AAA.Principle2.Guideline2_4.2_4_9.H30","Check that text of the link describes the purpose of the link.","notice","<a href=\"http://www.nhs.uk/pages/home.aspx\" target=\"_blank\" rel=\"noopener\"> NHS information home pages</a>","#home-wdis > div > div > div:nth-child(3) > div:nth-child(50) > p > a:nth-child(4)"
"WCAG2AAA.Principle3.Guideline3_2.3_2_5.H83.3","Check that this link's link text contains information indicating that the link will open in a new window.","warning","<a href=\"http://www.nhs.uk/pages/home.aspx\" target=\"_blank\" rel=\"noopener\"> NHS information home pages</a>","#home-wdis > div > div > div:nth-child(3) > div:nth-child(50) > p > a:nth-child(4)"
"WCAG2AAA.Principle2.Guideline2_4.2_4_9.H30","Check that text of the link describes the purpose of the link.","notice","<a href=\"http://www.nhs.uk/Service-Search/Pharmacy/LocationSearch/10\" target=\"_blank\" rel=\"noopener\">search for your nearest communi...</a>","#home-wdis > div > div > div:nth-child(3) > div:nth-child(50) > p > a:nth-child(5)"
"WCAG2AAA.Principle3.Guideline3_2.3_2_5.H83.3","Check that this link's link text contains information indicating that the link will open in a new window.","warning","<a href=\"http://www.nhs.uk/Service-Search/Pharmacy/LocationSearch/10\" target=\"_blank\" rel=\"noopener\">search for your nearest communi...</a>","#home-wdis > div > div > div:nth-child(3) > div:nth-child(50) > p > a:nth-child(5)"
"WCAG2AAA.Principle1.Guideline1_3.1_3_1.H48","If this element contains a navigation section, it is recommended that it be marked up as a list.","warning","<p><strong>Who do I see:</strong>&...</p>","#home-wdis > div > div > div:nth-child(3) > div:nth-child(51) > p"
"WCAG2AAA.Principle2.Guideline2_4.2_4_9.H30","Check that text of the link describes the purpose of the link.","notice","<a href=\"https://www.nwlondonsexualhealth.nhs.uk/clinics_ealing_hospital.php\" target=\"_blank\" rel=\"noopener\"> Ealing Hospital GUM clinic</a>","#home-wdis > div > div > div:nth-child(3) > div:nth-child(51) > p > a:nth-child(5)"
"WCAG2AAA.Principle3.Guideline3_2.3_2_5.H83.3","Check that this link's link text contains information indicating that the link will open in a new window.","warning","<a href=\"https://www.nwlondonsexualhealth.nhs.uk/clinics_ealing_hospital.php\" target=\"_blank\" rel=\"noopener\"> Ealing Hospital GUM clinic</a>","#home-wdis > div > div > div:nth-child(3) > div:nth-child(51) > p > a:nth-child(5)"
"WCAG2AAA.Principle2.Guideline2_4.2_4_9.H30","Check that text of the link describes the purpose of the link.","notice","<a href=\"http://www.sexualhealthhounslow.org.uk/shh_clinics_isleworth.php\" target=\"_blank\" rel=\"noopener\">West Middlesex Hospital GUM Cli...</a>","#home-wdis > div > div > div:nth-child(3) > div:nth-child(51) > p > a:nth-child(6)"
"WCAG2AAA.Principle3.Guideline3_2.3_2_5.H83.3","Check that this link's link text contains information indicating that the link will open in a new window.","warning","<a href=\"http://www.sexualhealthhounslow.org.uk/shh_clinics_isleworth.php\" target=\"_blank\" rel=\"noopener\">West Middlesex Hospital GUM Cli...</a>","#home-wdis > div > div > div:nth-child(3) > div:nth-child(51) > p > a:nth-child(6)"
"WCAG2AAA.Principle2.Guideline2_4.2_4_9.H30","Check that text of the link describes the purpose of the link.","notice","<a href=\"https://systmonline.tpp-uk.com/2/Login?Date=20171030092910\" target=\"_blank\" rel=\"noopener\">online</a>","#home-wdis > div > div > div:nth-child(3) > div:nth-child(51) > p > a:nth-child(7)"
"WCAG2AAA.Principle3.Guideline3_2.3_2_5.H83.3","Check that this link's link text contains information indicating that the link will open in a new window.","warning","<a href=\"https://systmonline.tpp-uk.com/2/Login?Date=20171030092910\" target=\"_blank\" rel=\"noopener\">online</a>","#home-wdis > div > div > div:nth-child(3) > div:nth-child(51) > p > a:nth-child(7)"
"WCAG2AAA.Principle2.Guideline2_4.2_4_9.H30","Check that text of the link describes the purpose of the link.","notice","<a href=\"http://www.nhs.uk/Service-Search/Pharmacy/LocationSearch/10\" target=\"_blank\" rel=\"noopener\">Search for your nearest communi...</a>","#home-wdis > div > div > div:nth-child(3) > div:nth-child(52) > p > a"
"WCAG2AAA.Principle3.Guideline3_2.3_2_5.H83.3","Check that this link's link text contains information indicating that the link will open in a new window.","warning","<a href=\"http://www.nhs.uk/Service-Search/Pharmacy/LocationSearch/10\" target=\"_blank\" rel=\"noopener\">Search for your nearest communi...</a>","#home-wdis > div > div > div:nth-child(3) > div:nth-child(52) > p > a"
"WCAG2AAA.Principle1.Guideline1_3.1_3_1.H48","If this element contains a navigation section, it is recommended that it be marked up as a list.","warning","<p><strong>Who do I see:</strong>&...</p>","#home-wdis > div > div > div:nth-child(3) > div:nth-child(53) > p"
"WCAG2AAA.Principle2.Guideline2_4.2_4_9.H30","Check that text of the link describes the purpose of the link.","notice","<a href=\"http://www.nhs.uk/Service-Search/Urgent%20Care/LocationSearch/0\" target=\"_blank\" rel=\"noopener\">Please search for your nearest ...</a>","#home-wdis > div > div > div:nth-child(3) > div:nth-child(53) > p > a:nth-child(4)"
"WCAG2AAA.Principle3.Guideline3_2.3_2_5.H83.3","Check that this link's link text contains information indicating that the link will open in a new window.","warning","<a href=\"http://www.nhs.uk/Service-Search/Urgent%20Care/LocationSearch/0\" target=\"_blank\" rel=\"noopener\">Please search for your nearest ...</a>","#home-wdis > div > div > div:nth-child(3) > div:nth-child(53) > p > a:nth-child(4)"
"WCAG2AAA.Principle2.Guideline2_4.2_4_9.H30","Check that text of the link describes the purpose of the link.","notice","<a href=\"http://www.nhs.uk/Service-Search/Pharmacy/LocationSearch/10\" target=\"_blank\" rel=\"noopener\">search for your nearest communi...</a>","#home-wdis > div > div > div:nth-child(3) > div:nth-child(53) > p > a:nth-child(5)"
"WCAG2AAA.Principle3.Guideline3_2.3_2_5.H83.3","Check that this link's link text contains information indicating that the link will open in a new window.","warning","<a href=\"http://www.nhs.uk/Service-Search/Pharmacy/LocationSearch/10\" target=\"_blank\" rel=\"noopener\">search for your nearest communi...</a>","#home-wdis > div > div > div:nth-child(3) > div:nth-child(53) > p > a:nth-child(5)"
"WCAG2AAA.Principle2.Guideline2_4.2_4_9.H30","Check that text of the link describes the purpose of the link.","notice","<a href=\"https://systmonline.tpp-uk.com/2/Login?Date=20171030092910\" target=\"_blank\" rel=\"noopener\">online</a>","#home-wdis > div > div > div:nth-child(3) > div:nth-child(53) > p > a:nth-child(6)"
"WCAG2AAA.Principle3.Guideline3_2.3_2_5.H83.3","Check that this link's link text contains information indicating that the link will open in a new window.","warning","<a href=\"https://systmonline.tpp-uk.com/2/Login?Date=20171030092910\" target=\"_blank\" rel=\"noopener\">online</a>","#home-wdis > div > div > div:nth-child(3) > div:nth-child(53) > p > a:nth-child(6)"
"WCAG2AAA.Principle1.Guideline1_3.1_3_1.H48","If this element contains a navigation section, it is recommended that it be marked up as a list.","warning","<p><strong>Who do I see:</strong>&...</p>","#home-wdis > div > div > div:nth-child(3) > div:nth-child(54) > p"
"WCAG2AAA.Principle2.Guideline2_4.2_4_9.H30","Check that text of the link describes the purpose of the link.","notice","<a href=\"http://www.nhs.uk/Service-Search/Pharmacy/LocationSearch/10\" target=\"_blank\" rel=\"noopener\">Please search for your nearest ...</a>","#home-wdis > div > div > div:nth-child(3) > div:nth-child(54) > p > a:nth-child(4)"
"WCAG2AAA.Principle3.Guideline3_2.3_2_5.H83.3","Check that this link's link text contains information indicating that the link will open in a new window.","warning","<a href=\"http://www.nhs.uk/Service-Search/Pharmacy/LocationSearch/10\" target=\"_blank\" rel=\"noopener\">Please search for your nearest ...</a>","#home-wdis > div > div > div:nth-child(3) > div:nth-child(54) > p > a:nth-child(4)"
"WCAG2AAA.Principle2.Guideline2_4.2_4_9.H30","Check that text of the link describes the purpose of the link.","notice","<a href=\"https://systmonline.tpp-uk.com/2/Login?Date=20171030092910\" target=\"_blank\" rel=\"noopener\">online</a>","#home-wdis > div > div > div:nth-child(3) > div:nth-child(54) > p > a:nth-child(5)"
"WCAG2AAA.Principle3.Guideline3_2.3_2_5.H83.3","Check that this link's link text contains information indicating that the link will open in a new window.","warning","<a href=\"https://systmonline.tpp-uk.com/2/Login?Date=20171030092910\" target=\"_blank\" rel=\"noopener\">online</a>","#home-wdis > div > div > div:nth-child(3) > div:nth-child(54) > p > a:nth-child(5)"
"WCAG2AAA.Principle2.Guideline2_4.2_4_9.H30","Check that text of the link describes the purpose of the link.","notice","<a href=\"http://www.nhs.uk/conditions/head-lice/Pages/Introduction.aspx\" target=\"_blank\" rel=\"noopener noreferrer\">NHS Choices</a>","#home-wdis > div > div > div:nth-child(3) > div:nth-child(54) > p > a:nth-child(6)"
"WCAG2AAA.Principle3.Guideline3_2.3_2_5.H83.3","Check that this link's link text contains information indicating that the link will open in a new window.","warning","<a href=\"http://www.nhs.uk/conditions/head-lice/Pages/Introduction.aspx\" target=\"_blank\" rel=\"noopener noreferrer\">NHS Choices</a>","#home-wdis > div > div > div:nth-child(3) > div:nth-child(54) > p > a:nth-child(6)"
"WCAG2AAA.Principle2.Guideline2_4.2_4_9.H30","Check that text of the link describes the purpose of the link.","notice","<a href=\"https://systmonline.tpp-uk.com/2/Login?Date=20171030092910\" target=\"_blank\" rel=\"noopener\">online</a>","#home-wdis > div > div > div:nth-child(3) > div:nth-child(55) > p > a"
"WCAG2AAA.Principle3.Guideline3_2.3_2_5.H83.3","Check that this link's link text contains information indicating that the link will open in a new window.","warning","<a href=\"https://systmonline.tpp-uk.com/2/Login?Date=20171030092910\" target=\"_blank\" rel=\"noopener\">online</a>","#home-wdis > div > div > div:nth-child(3) > div:nth-child(55) > p > a"
"WCAG2AAA.Principle1.Guideline1_3.1_3_1.H48","If this element contains a navigation section, it is recommended that it be marked up as a list.","warning","<p><strong>Who do I see:</strong>&...</p>","#home-wdis > div > div > div:nth-child(3) > div:nth-child(57) > p"
"WCAG2AAA.Principle2.Guideline2_4.2_4_9.H30","Check that text of the link describes the purpose of the link.","notice","<a href=\"http://www.ealingiapt.co.uk/\" target=\"_blank\" rel=\"noopener\">ealingiapt.co.uk</a>","#home-wdis > div > div > div:nth-child(3) > div:nth-child(57) > p > a:nth-child(4)"
"WCAG2AAA.Principle3.Guideline3_2.3_2_5.H83.3","Check that this link's link text contains information indicating that the link will open in a new window.","warning","<a href=\"http://www.ealingiapt.co.uk/\" target=\"_blank\" rel=\"noopener\">ealingiapt.co.uk</a>","#home-wdis > div > div > div:nth-child(3) > div:nth-child(57) > p > a:nth-child(4)"
"WCAG2AAA.Principle2.Guideline2_4.2_4_9.H30","Check that text of the link describes the purpose of the link.","notice","<a href=\"https://systmonline.tpp-uk.com/2/Login?Date=20171030092910\" target=\"_blank\" rel=\"noopener\">online</a>","#home-wdis > div > div > div:nth-child(3) > div:nth-child(57) > p > a:nth-child(5)"
"WCAG2AAA.Principle3.Guideline3_2.3_2_5.H83.3","Check that this link's link text contains information indicating that the link will open in a new window.","warning","<a href=\"https://systmonline.tpp-uk.com/2/Login?Date=20171030092910\" target=\"_blank\" rel=\"noopener\">online</a>","#home-wdis > div > div > div:nth-child(3) > div:nth-child(57) > p > a:nth-child(5)"
"WCAG2AAA.Principle1.Guideline1_3.1_3_1.H48","If this element contains a navigation section, it is recommended that it be marked up as a list.","warning","<p><strong>Who do I see:</strong>&...</p>","#home-wdis > div > div > div:nth-child(3) > div:nth-child(58) > p"
"WCAG2AAA.Principle2.Guideline2_4.2_4_9.H30","Check that text of the link describes the purpose of the link.","notice","<a href=\"http://www.nhs.uk/Service-Search/Pharmacy/LocationSearch/10\" target=\"_blank\" rel=\"noopener\">Please search for your nearest ...</a>","#home-wdis > div > div > div:nth-child(3) > div:nth-child(58) > p > a:nth-child(4)"
"WCAG2AAA.Principle3.Guideline3_2.3_2_5.H83.3","Check that this link's link text contains information indicating that the link will open in a new window.","warning","<a href=\"http://www.nhs.uk/Service-Search/Pharmacy/LocationSearch/10\" target=\"_blank\" rel=\"noopener\">Please search for your nearest ...</a>","#home-wdis > div > div > div:nth-child(3) > div:nth-child(58) > p > a:nth-child(4)"
"WCAG2AAA.Principle2.Guideline2_4.2_4_9.H30","Check that text of the link describes the purpose of the link.","notice","<a href=\"https://systmonline.tpp-uk.com/2/Login?Date=20171030092910\" target=\"_blank\" rel=\"noopener\">online</a>","#home-wdis > div > div > div:nth-child(3) > div:nth-child(58) > p > a:nth-child(5)"
"WCAG2AAA.Principle3.Guideline3_2.3_2_5.H83.3","Check that this link's link text contains information indicating that the link will open in a new window.","warning","<a href=\"https://systmonline.tpp-uk.com/2/Login?Date=20171030092910\" target=\"_blank\" rel=\"noopener\">online</a>","#home-wdis > div > div > div:nth-child(3) > div:nth-child(58) > p > a:nth-child(5)"
"WCAG2AAA.Principle1.Guideline1_3.1_3_1.H48","If this element contains a navigation section, it is recommended that it be marked up as a list.","warning","<p><strong>Who do I see:</strong>&...</p>","#home-wdis > div > div > div:nth-child(3) > div:nth-child(60) > p"
"WCAG2AAA.Principle2.Guideline2_4.2_4_9.H30","Check that text of the link describes the purpose of the link.","notice","<a href=\"http://www.nhs.uk/Service-Search/Podiatrists%20and%20chiropodists/LocationSearch/343\" target=\"_blank\" rel=\"noopener\">Please search for your nearest ...</a>","#home-wdis > div > div > div:nth-child(3) > div:nth-child(60) > p > a:nth-child(4)"
"WCAG2AAA.Principle3.Guideline3_2.3_2_5.H83.3","Check that this link's link text contains information indicating that the link will open in a new window.","warning","<a href=\"http://www.nhs.uk/Service-Search/Podiatrists%20and%20chiropodists/LocationSearch/343\" target=\"_blank\" rel=\"noopener\">Please search for your nearest ...</a>","#home-wdis > div > div > div:nth-child(3) > div:nth-child(60) > p > a:nth-child(4)"
"WCAG2AAA.Principle2.Guideline2_4.2_4_9.H30","Check that text of the link describes the purpose of the link.","notice","<a href=\"http://www.nhs.uk/Service-Search/Pharmacy/LocationSearch/10\" target=\"_blank\" rel=\"noopener\">search for your nearest communi...</a>","#home-wdis > div > div > div:nth-child(3) > div:nth-child(60) > p > a:nth-child(5)"
"WCAG2AAA.Principle3.Guideline3_2.3_2_5.H83.3","Check that this link's link text contains information indicating that the link will open in a new window.","warning","<a href=\"http://www.nhs.uk/Service-Search/Pharmacy/LocationSearch/10\" target=\"_blank\" rel=\"noopener\">search for your nearest communi...</a>","#home-wdis > div > div > div:nth-child(3) > div:nth-child(60) > p > a:nth-child(5)"
"WCAG2AAA.Principle2.Guideline2_4.2_4_9.H30","Check that text of the link describes the purpose of the link.","notice","<a href=\"https://systmonline.tpp-uk.com/2/Login?Date=20171030092910\" target=\"_blank\" rel=\"noopener\">online</a>","#home-wdis > div > div > div:nth-child(3) > div:nth-child(60) > p > a:nth-child(6)"
"WCAG2AAA.Principle3.Guideline3_2.3_2_5.H83.3","Check that this link's link text contains information indicating that the link will open in a new window.","warning","<a href=\"https://systmonline.tpp-uk.com/2/Login?Date=20171030092910\" target=\"_blank\" rel=\"noopener\">online</a>","#home-wdis > div > div > div:nth-child(3) > div:nth-child(60) > p > a:nth-child(6)"
"WCAG2AAA.Principle1.Guideline1_3.1_3_1.H48","If this element contains a navigation section, it is recommended that it be marked up as a list.","warning","<p><strong>Who do I see:</strong>&...</p>","#home-wdis > div > div > div:nth-child(3) > div:nth-child(61) > p"
"WCAG2AAA.Principle2.Guideline2_4.2_4_9.H30","Check that text of the link describes the purpose of the link.","notice","<a href=\"http://www.nhs.uk/Service-Search/Pharmacy/LocationSearch/10\" target=\"_blank\" rel=\"noopener\">Please search for your nearest ...</a>","#home-wdis > div > div > div:nth-child(3) > div:nth-child(61) > p > a:nth-child(4)"
"WCAG2AAA.Principle3.Guideline3_2.3_2_5.H83.3","Check that this link's link text contains information indicating that the link will open in a new window.","warning","<a href=\"http://www.nhs.uk/Service-Search/Pharmacy/LocationSearch/10\" target=\"_blank\" rel=\"noopener\">Please search for your nearest ...</a>","#home-wdis > div > div > div:nth-child(3) > div:nth-child(61) > p > a:nth-child(4)"
"WCAG2AAA.Principle2.Guideline2_4.2_4_9.H30","Check that text of the link describes the purpose of the link.","notice","<a href=\"https://systmonline.tpp-uk.com/2/Login?Date=20171030092910\" target=\"_blank\" rel=\"noopener\">online</a>","#home-wdis > div > div > div:nth-child(3) > div:nth-child(61) > p > a:nth-child(5)"
"WCAG2AAA.Principle3.Guideline3_2.3_2_5.H83.3","Check that this link's link text contains information indicating that the link will open in a new window.","warning","<a href=\"https://systmonline.tpp-uk.com/2/Login?Date=20171030092910\" target=\"_blank\" rel=\"noopener\">online</a>","#home-wdis > div > div > div:nth-child(3) > div:nth-child(61) > p > a:nth-child(5)"
"WCAG2AAA.Principle1.Guideline1_3.1_3_1.H48","If this element contains a navigation section, it is recommended that it be marked up as a list.","warning","<p><strong>Who do I see:</strong>&...</p>","#home-wdis > div > div > div:nth-child(3) > div:nth-child(62) > p"
"WCAG2AAA.Principle2.Guideline2_4.2_4_9.H30","Check that text of the link describes the purpose of the link.","notice","<a href=\"http://www.ealingiapt.co.uk/\" target=\"_blank\" rel=\"noopener\">ealingiapt.co.uk</a>","#home-wdis > div > div > div:nth-child(3) > div:nth-child(62) > p > a:nth-child(4)"
"WCAG2AAA.Principle3.Guideline3_2.3_2_5.H83.3","Check that this link's link text contains information indicating that the link will open in a new window.","warning","<a href=\"http://www.ealingiapt.co.uk/\" target=\"_blank\" rel=\"noopener\">ealingiapt.co.uk</a>","#home-wdis > div > div > div:nth-child(3) > div:nth-child(62) > p > a:nth-child(4)"
"WCAG2AAA.Principle2.Guideline2_4.2_4_9.H30","Check that text of the link describes the purpose of the link.","notice","<a href=\"http://www.nhs.uk/Service-Search/Pharmacy/LocationSearch/10\" target=\"_blank\" rel=\"noopener\">search for your nearest communi...</a>","#home-wdis > div > div > div:nth-child(3) > div:nth-child(62) > p > a:nth-child(5)"
"WCAG2AAA.Principle3.Guideline3_2.3_2_5.H83.3","Check that this link's link text contains information indicating that the link will open in a new window.","warning","<a href=\"http://www.nhs.uk/Service-Search/Pharmacy/LocationSearch/10\" target=\"_blank\" rel=\"noopener\">search for your nearest communi...</a>","#home-wdis > div > div > div:nth-child(3) > div:nth-child(62) > p > a:nth-child(5)"
"WCAG2AAA.Principle2.Guideline2_4.2_4_9.H30","Check that text of the link describes the purpose of the link.","notice","<a href=\"https://systmonline.tpp-uk.com/2/Login?Date=20171030092910\" target=\"_blank\" rel=\"noopener\">online</a>","#home-wdis > div > div > div:nth-child(3) > div:nth-child(62) > p > a:nth-child(6)"
"WCAG2AAA.Principle3.Guideline3_2.3_2_5.H83.3","Check that this link's link text contains information indicating that the link will open in a new window.","warning","<a href=\"https://systmonline.tpp-uk.com/2/Login?Date=20171030092910\" target=\"_blank\" rel=\"noopener\">online</a>","#home-wdis > div > div > div:nth-child(3) > div:nth-child(62) > p > a:nth-child(6)"
"WCAG2AAA.Principle1.Guideline1_3.1_3_1.H48","If this element contains a navigation section, it is recommended that it be marked up as a list.","warning","<p><strong>Who do I see:</strong>&...</p>","#home-wdis > div > div > div:nth-child(3) > div:nth-child(66) > p"
"WCAG2AAA.Principle2.Guideline2_4.2_4_9.H30","Check that text of the link describes the purpose of the link.","notice","<a href=\"http://www.nhs.uk/Service-Search/Pharmacy/LocationSearch/10\" target=\"_blank\" rel=\"noopener\">please find your nearest commun...</a>","#home-wdis > div > div > div:nth-child(3) > div:nth-child(66) > p > a:nth-child(4)"
"WCAG2AAA.Principle3.Guideline3_2.3_2_5.H83.3","Check that this link's link text contains information indicating that the link will open in a new window.","warning","<a href=\"http://www.nhs.uk/Service-Search/Pharmacy/LocationSearch/10\" target=\"_blank\" rel=\"noopener\">please find your nearest commun...</a>","#home-wdis > div > div > div:nth-child(3) > div:nth-child(66) > p > a:nth-child(4)"
"WCAG2AAA.Principle2.Guideline2_4.2_4_9.H30","Check that text of the link describes the purpose of the link.","notice","<a href=\"http://www.nhs.uk/Service-Search/Family%20planning/LocationSearch/1863\" target=\"_blank\" rel=\"noopener\">your nearest family planning cl...</a>","#home-wdis > div > div > div:nth-child(3) > div:nth-child(66) > p > a:nth-child(5)"
"WCAG2AAA.Principle3.Guideline3_2.3_2_5.H83.3","Check that this link's link text contains information indicating that the link will open in a new window.","warning","<a href=\"http://www.nhs.uk/Service-Search/Family%20planning/LocationSearch/1863\" target=\"_blank\" rel=\"noopener\">your nearest family planning cl...</a>","#home-wdis > div > div > div:nth-child(3) > div:nth-child(66) > p > a:nth-child(5)"
"WCAG2AAA.Principle2.Guideline2_4.2_4_9.H30","Check that text of the link describes the purpose of the link.","notice","<a href=\"https://systmonline.tpp-uk.com/2/Login?Date=20171030092910\" target=\"_blank\" rel=\"noopener\">online</a>","#home-wdis > div > div > div:nth-child(3) > div:nth-child(66) > p > a:nth-child(6)"
"WCAG2AAA.Principle3.Guideline3_2.3_2_5.H83.3","Check that this link's link text contains information indicating that the link will open in a new window.","warning","<a href=\"https://systmonline.tpp-uk.com/2/Login?Date=20171030092910\" target=\"_blank\" rel=\"noopener\">online</a>","#home-wdis > div > div > div:nth-child(3) > div:nth-child(66) > p > a:nth-child(6)"
"WCAG2AAA.Principle2.Guideline2_4.2_4_9.H30","Check that text of the link describes the purpose of the link.","notice","<a href=\"https://systmonline.tpp-uk.com/2/Login?Date=20171030092910\" target=\"_blank\" rel=\"noopener\">online</a>","#home-wdis > div > div > div:nth-child(3) > div:nth-child(67) > p > a"
"WCAG2AAA.Principle3.Guideline3_2.3_2_5.H83.3","Check that this link's link text contains information indicating that the link will open in a new window.","warning","<a href=\"https://systmonline.tpp-uk.com/2/Login?Date=20171030092910\" target=\"_blank\" rel=\"noopener\">online</a>","#home-wdis > div > div > div:nth-child(3) > div:nth-child(67) > p > a"
"WCAG2AAA.Principle1.Guideline1_3.1_3_1.H48","If this element contains a navigation section, it is recommended that it be marked up as a list.","warning","<p><strong>Who do I see:</strong>&...</p>","#home-wdis > div > div > div:nth-child(3) > div:nth-child(68) > p"
"WCAG2AAA.Principle2.Guideline2_4.2_4_9.H30","Check that text of the link describes the purpose of the link.","notice","<a href=\"http://www.nhs.uk/Service-Search/Dentist/LocationSearch/3\">NHS Find Dentist Services,</a>","#home-wdis > div > div > div:nth-child(3) > div:nth-child(68) > p > a:nth-child(4)"
"WCAG2AAA.Principle2.Guideline2_4.2_4_9.H30","Check that text of the link describes the purpose of the link.","notice","<a href=\"http://www.nhs.uk/Service-Search/Pharmacy/LocationSearch/10\" target=\"_blank\" rel=\"noopener\">find your nearest community pha...</a>","#home-wdis > div > div > div:nth-child(3) > div:nth-child(68) > p > a:nth-child(5)"
"WCAG2AAA.Principle3.Guideline3_2.3_2_5.H83.3","Check that this link's link text contains information indicating that the link will open in a new window.","warning","<a href=\"http://www.nhs.uk/Service-Search/Pharmacy/LocationSearch/10\" target=\"_blank\" rel=\"noopener\">find your nearest community pha...</a>","#home-wdis > div > div > div:nth-child(3) > div:nth-child(68) > p > a:nth-child(5)"
"WCAG2AAA.Principle2.Guideline2_4.2_4_9.H30","Check that text of the link describes the purpose of the link.","notice","<a href=\"https://systmonline.tpp-uk.com/2/Login?Date=20171030092910\" target=\"_blank\" rel=\"noopener\">online</a>","#home-wdis > div > div > div:nth-child(3) > div:nth-child(68) > p > a:nth-child(6)"
"WCAG2AAA.Principle3.Guideline3_2.3_2_5.H83.3","Check that this link's link text contains information indicating that the link will open in a new window.","warning","<a href=\"https://systmonline.tpp-uk.com/2/Login?Date=20171030092910\" target=\"_blank\" rel=\"noopener\">online</a>","#home-wdis > div > div > div:nth-child(3) > div:nth-child(68) > p > a:nth-child(6)"
"WCAG2AAA.Principle2.Guideline2_4.2_4_9.H30","Check that text of the link describes the purpose of the link.","notice","<a href=\"http://www.nhs.uk/Service-Search/Pharmacy/LocationSearch/10\" target=\"_blank\" rel=\"noopener\">Please search for your nearest ...</a>","#home-wdis > div > div > div:nth-child(3) > div:nth-child(69) > p > a"
"WCAG2AAA.Principle3.Guideline3_2.3_2_5.H83.3","Check that this link's link text contains information indicating that the link will open in a new window.","warning","<a href=\"http://www.nhs.uk/Service-Search/Pharmacy/LocationSearch/10\" target=\"_blank\" rel=\"noopener\">Please search for your nearest ...</a>","#home-wdis > div > div > div:nth-child(3) > div:nth-child(69) > p > a"
"WCAG2AAA.Principle1.Guideline1_3.1_3_1.H48","If this element contains a navigation section, it is recommended that it be marked up as a list.","warning","<p><strong>Who do I see:</strong>&...</p>","#home-wdis > div > div > div:nth-child(3) > div:nth-child(70) > p"
"WCAG2AAA.Principle2.Guideline2_4.2_4_9.H30","Check that text of the link describes the purpose of the link.","notice","<a href=\"http://www.nhs.uk/Service-Search/Pharmacy/LocationSearch/10\" target=\"_blank\" rel=\"noopener\">Please search for your nearest ...</a>","#home-wdis > div > div > div:nth-child(3) > div:nth-child(70) > p > a:nth-child(4)"
"WCAG2AAA.Principle3.Guideline3_2.3_2_5.H83.3","Check that this link's link text contains information indicating that the link will open in a new window.","warning","<a href=\"http://www.nhs.uk/Service-Search/Pharmacy/LocationSearch/10\" target=\"_blank\" rel=\"noopener\">Please search for your nearest ...</a>","#home-wdis > div > div > div:nth-child(3) > div:nth-child(70) > p > a:nth-child(4)"
"WCAG2AAA.Principle2.Guideline2_4.2_4_9.H30","Check that text of the link describes the purpose of the link.","notice","<a href=\"https://systmonline.tpp-uk.com/2/Login?Date=20171030092910\" target=\"_blank\" rel=\"noopener\">online</a>","#home-wdis > div > div > div:nth-child(3) > div:nth-child(70) > p > a:nth-child(5)"
"WCAG2AAA.Principle3.Guideline3_2.3_2_5.H83.3","Check that this link's link text contains information indicating that the link will open in a new window.","warning","<a href=\"https://systmonline.tpp-uk.com/2/Login?Date=20171030092910\" target=\"_blank\" rel=\"noopener\">online</a>","#home-wdis > div > div > div:nth-child(3) > div:nth-child(70) > p > a:nth-child(5)"
"WCAG2AAA.Principle1.Guideline1_3.1_3_1.H48","If this element contains a navigation section, it is recommended that it be marked up as a list.","warning","<p><strong>Who do I see:</strong>&...</p>","#home-wdis > div > div > div:nth-child(3) > div:nth-child(71) > p"
"WCAG2AAA.Principle2.Guideline2_4.2_4_9.H30","Check that text of the link describes the purpose of the link.","notice","<a href=\"http://www.nhs.uk/conditions/Nosebleed/Pages/Introduction.aspx\" target=\"_blank\" rel=\"noopener\">Find out more information about...</a>","#home-wdis > div > div > div:nth-child(3) > div:nth-child(71) > p > a:nth-child(5)"
"WCAG2AAA.Principle3.Guideline3_2.3_2_5.H83.3","Check that this link's link text contains information indicating that the link will open in a new window.","warning","<a href=\"http://www.nhs.uk/conditions/Nosebleed/Pages/Introduction.aspx\" target=\"_blank\" rel=\"noopener\">Find out more information about...</a>","#home-wdis > div > div > div:nth-child(3) > div:nth-child(71) > p > a:nth-child(5)"
"WCAG2AAA.Principle2.Guideline2_4.2_4_9.H30","Check that text of the link describes the purpose of the link.","notice","<a href=\"http://www.nhs.uk/Service-Search/Urgent%20Care/LocationSearch/0\" target=\"_blank\" rel=\"noopener\">search for your nearest Urgent ...</a>","#home-wdis > div > div > div:nth-child(3) > div:nth-child(71) > p > a:nth-child(6)"
"WCAG2AAA.Principle3.Guideline3_2.3_2_5.H83.3","Check that this link's link text contains information indicating that the link will open in a new window.","warning","<a href=\"http://www.nhs.uk/Service-Search/Urgent%20Care/LocationSearch/0\" target=\"_blank\" rel=\"noopener\">search for your nearest Urgent ...</a>","#home-wdis > div > div > div:nth-child(3) > div:nth-child(71) > p > a:nth-child(6)"
"WCAG2AAA.Principle2.Guideline2_4.2_4_9.H30","Check that text of the link describes the purpose of the link.","notice","<a href=\"https://systmonline.tpp-uk.com/2/Login?Date=20171030092910\" target=\"_blank\" rel=\"noopener\">online</a>","#home-wdis > div > div > div:nth-child(3) > div:nth-child(71) > p > a:nth-child(7)"
"WCAG2AAA.Principle3.Guideline3_2.3_2_5.H83.3","Check that this link's link text contains information indicating that the link will open in a new window.","warning","<a href=\"https://systmonline.tpp-uk.com/2/Login?Date=20171030092910\" target=\"_blank\" rel=\"noopener\">online</a>","#home-wdis > div > div > div:nth-child(3) > div:nth-child(71) > p > a:nth-child(7)"
"WCAG2AAA.Principle1.Guideline1_3.1_3_1.H48","If this element contains a navigation section, it is recommended that it be marked up as a list.","warning","<p><strong>Who do I see: </strong>...</p>","#home-wdis > div > div > div:nth-child(3) > div:nth-child(72) > p"
"WCAG2AAA.Principle2.Guideline2_4.2_4_9.H30","Check that text of the link describes the purpose of the link.","notice","<a href=\"http://www.ealingiapt.co.uk/\" target=\"_blank\" rel=\"noopener\">ealingiapt.co.uk</a>","#home-wdis > div > div > div:nth-child(3) > div:nth-child(72) > p > a:nth-child(4)"
"WCAG2AAA.Principle3.Guideline3_2.3_2_5.H83.3","Check that this link's link text contains information indicating that the link will open in a new window.","warning","<a href=\"http://www.ealingiapt.co.uk/\" target=\"_blank\" rel=\"noopener\">ealingiapt.co.uk</a>","#home-wdis > div > div > div:nth-child(3) > div:nth-child(72) > p > a:nth-child(4)"
"WCAG2AAA.Principle2.Guideline2_4.2_4_9.H30","Check that text of the link describes the purpose of the link.","notice","<a href=\"https://systmonline.tpp-uk.com/2/Login?Date=20171030092910\" target=\"_blank\" rel=\"noopener\">online</a>","#home-wdis > div > div > div:nth-child(3) > div:nth-child(72) > p > a:nth-child(5)"
"WCAG2AAA.Principle3.Guideline3_2.3_2_5.H83.3","Check that this link's link text contains information indicating that the link will open in a new window.","warning","<a href=\"https://systmonline.tpp-uk.com/2/Login?Date=20171030092910\" target=\"_blank\" rel=\"noopener\">online</a>","#home-wdis > div > div > div:nth-child(3) > div:nth-child(72) > p > a:nth-child(5)"
"WCAG2AAA.Principle2.Guideline2_4.2_4_9.H30","Check that text of the link describes the purpose of the link.","notice","<a href=\"https://www.gov.uk/countersigning-passport-applications/accepted-occupations-for-countersignatories\" target=\"_blank\" rel=\"noopener\">Find Out More here</a>","#home-wdis > div > div > div:nth-child(3) > div:nth-child(73) > p > a"
"WCAG2AAA.Principle3.Guideline3_2.3_2_5.H83.3","Check that this link's link text contains information indicating that the link will open in a new window.","warning","<a href=\"https://www.gov.uk/countersigning-passport-applications/accepted-occupations-for-countersignatories\" target=\"_blank\" rel=\"noopener\">Find Out More here</a>","#home-wdis > div > div > div:nth-child(3) > div:nth-child(73) > p > a"
"WCAG2AAA.Principle2.Guideline2_4.2_4_9.H30","Check that text of the link describes the purpose of the link.","notice","<a href=\"https://systmonline.tpp-uk.com/2/Login?Date=20171030092910\" target=\"_blank\" rel=\"noopener\">online</a>","#home-wdis > div > div > div:nth-child(3) > div:nth-child(74) > p > a"
"WCAG2AAA.Principle3.Guideline3_2.3_2_5.H83.3","Check that this link's link text contains information indicating that the link will open in a new window.","warning","<a href=\"https://systmonline.tpp-uk.com/2/Login?Date=20171030092910\" target=\"_blank\" rel=\"noopener\">online</a>","#home-wdis > div > div > div:nth-child(3) > div:nth-child(74) > p > a"
"WCAG2AAA.Principle1.Guideline1_3.1_3_1.H48","If this element contains a navigation section, it is recommended that it be marked up as a list.","warning","<p><strong>Who do I see:</strong>&...</p>","#home-wdis > div > div > div:nth-child(3) > div:nth-child(75) > p"
"WCAG2AAA.Principle2.Guideline2_4.2_4_9.H30","Check that text of the link describes the purpose of the link.","notice","<a href=\"http://www.ealingiapt.co.uk/\" target=\"_blank\" rel=\"noopener\">ealingiapt.co.uk</a>","#home-wdis > div > div > div:nth-child(3) > div:nth-child(75) > p > a:nth-child(4)"
"WCAG2AAA.Principle3.Guideline3_2.3_2_5.H83.3","Check that this link's link text contains information indicating that the link will open in a new window.","warning","<a href=\"http://www.ealingiapt.co.uk/\" target=\"_blank\" rel=\"noopener\">ealingiapt.co.uk</a>","#home-wdis > div > div > div:nth-child(3) > div:nth-child(75) > p > a:nth-child(4)"
"WCAG2AAA.Principle2.Guideline2_4.2_4_9.H30","Check that text of the link describes the purpose of the link.","notice","<a href=\"https://systmonline.tpp-uk.com/2/Login?Date=20171030092910\" target=\"_blank\" rel=\"noopener\">online</a>","#home-wdis > div > div > div:nth-child(3) > div:nth-child(75) > p > a:nth-child(5)"
"WCAG2AAA.Principle3.Guideline3_2.3_2_5.H83.3","Check that this link's link text contains information indicating that the link will open in a new window.","warning","<a href=\"https://systmonline.tpp-uk.com/2/Login?Date=20171030092910\" target=\"_blank\" rel=\"noopener\">online</a>","#home-wdis > div > div > div:nth-child(3) > div:nth-child(75) > p > a:nth-child(5)"
"WCAG2AAA.Principle1.Guideline1_3.1_3_1.H48","If this element contains a navigation section, it is recommended that it be marked up as a list.","warning","<p><strong>Who do I see:</strong>&...</p>","#home-wdis > div > div > div:nth-child(3) > div:nth-child(78) > p"
"WCAG2AAA.Principle2.Guideline2_4.2_4_9.H30","Check that text of the link describes the purpose of the link.","notice","<a href=\"http://www.nhs.uk/Service-Search/Pharmacy/LocationSearch/10\" target=\"_blank\" rel=\"noopener\">Please search for your nearest ...</a>","#home-wdis > div > div > div:nth-child(3) > div:nth-child(78) > p > a:nth-child(4)"
"WCAG2AAA.Principle3.Guideline3_2.3_2_5.H83.3","Check that this link's link text contains information indicating that the link will open in a new window.","warning","<a href=\"http://www.nhs.uk/Service-Search/Pharmacy/LocationSearch/10\" target=\"_blank\" rel=\"noopener\">Please search for your nearest ...</a>","#home-wdis > div > div > div:nth-child(3) > div:nth-child(78) > p > a:nth-child(4)"
"WCAG2AAA.Principle2.Guideline2_4.2_4_9.H30","Check that text of the link describes the purpose of the link.","notice","<a href=\"https://systmonline.tpp-uk.com/2/Login?Date=20171030092910\" target=\"_blank\" rel=\"noopener\">online</a>","#home-wdis > div > div > div:nth-child(3) > div:nth-child(78) > p > a:nth-child(5)"
"WCAG2AAA.Principle3.Guideline3_2.3_2_5.H83.3","Check that this link's link text contains information indicating that the link will open in a new window.","warning","<a href=\"https://systmonline.tpp-uk.com/2/Login?Date=20171030092910\" target=\"_blank\" rel=\"noopener\">online</a>","#home-wdis > div > div > div:nth-child(3) > div:nth-child(78) > p > a:nth-child(5)"
"WCAG2AAA.Principle1.Guideline1_3.1_3_1.H48","If this element contains a navigation section, it is recommended that it be marked up as a list.","warning","<p><strong>Who do I see:</strong>&...</p>","#home-wdis > div > div > div:nth-child(3) > div:nth-child(79) > p"
"WCAG2AAA.Principle2.Guideline2_4.2_4_9.H30","Check that text of the link describes the purpose of the link.","notice","<a href=\"http://www.nhs.uk/Service-Search/Pharmacy/LocationSearch/10\" target=\"_blank\" rel=\"noopener\">Please search for your nearest ...</a>","#home-wdis > div > div > div:nth-child(3) > div:nth-child(79) > p > a:nth-child(4)"
"WCAG2AAA.Principle3.Guideline3_2.3_2_5.H83.3","Check that this link's link text contains information indicating that the link will open in a new window.","warning","<a href=\"http://www.nhs.uk/Service-Search/Pharmacy/LocationSearch/10\" target=\"_blank\" rel=\"noopener\">Please search for your nearest ...</a>","#home-wdis > div > div > div:nth-child(3) > div:nth-child(79) > p > a:nth-child(4)"
"WCAG2AAA.Principle2.Guideline2_4.2_4_9.H30","Check that text of the link describes the purpose of the link.","notice","<a href=\"https://systmonline.tpp-uk.com/2/Login?Date=20171030092910\" target=\"_blank\" rel=\"noopener\">online</a>","#home-wdis > div > div > div:nth-child(3) > div:nth-child(79) > p > a:nth-child(5)"
"WCAG2AAA.Principle3.Guideline3_2.3_2_5.H83.3","Check that this link's link text contains information indicating that the link will open in a new window.","warning","<a href=\"https://systmonline.tpp-uk.com/2/Login?Date=20171030092910\" target=\"_blank\" rel=\"noopener\">online</a>","#home-wdis > div > div > div:nth-child(3) > div:nth-child(79) > p > a:nth-child(5)"
"WCAG2AAA.Principle2.Guideline2_4.2_4_9.H30","Check that text of the link describes the purpose of the link.","notice","<a href=\"https://systmonline.tpp-uk.com/2/Login?Date=20171030092910\" target=\"_blank\" rel=\"noopener\">online</a>","#home-wdis > div > div > div:nth-child(3) > div:nth-child(81) > p > a"
"WCAG2AAA.Principle3.Guideline3_2.3_2_5.H83.3","Check that this link's link text contains information indicating that the link will open in a new window.","warning","<a href=\"https://systmonline.tpp-uk.com/2/Login?Date=20171030092910\" target=\"_blank\" rel=\"noopener\">online</a>","#home-wdis > div > div > div:nth-child(3) > div:nth-child(81) > p > a"
"WCAG2AAA.Principle2.Guideline2_4.2_4_9.H30","Check that text of the link describes the purpose of the link.","notice","<a href=\"https://systmonline.tpp-uk.com/2/Login?Date=20171030092910\" target=\"_blank\" rel=\"noopener\">online</a>","#home-wdis > div > div > div:nth-child(3) > div:nth-child(83) > p > a"
"WCAG2AAA.Principle3.Guideline3_2.3_2_5.H83.3","Check that this link's link text contains information indicating that the link will open in a new window.","warning","<a href=\"https://systmonline.tpp-uk.com/2/Login?Date=20171030092910\" target=\"_blank\" rel=\"noopener\">online</a>","#home-wdis > div > div > div:nth-child(3) > div:nth-child(83) > p > a"
"WCAG2AAA.Principle1.Guideline1_3.1_3_1.H48","If this element contains a navigation section, it is recommended that it be marked up as a list.","warning","<p><strong>Who do I see:</strong>&...</p>","#home-wdis > div > div > div:nth-child(3) > div:nth-child(84) > p"
"WCAG2AAA.Principle2.Guideline2_4.2_4_9.H30","Check that text of the link describes the purpose of the link.","notice","<a href=\"http://www.nhs.uk/Service-Search/Pharmacy/LocationSearch/10\" target=\"_blank\" rel=\"noopener\">Please search for your nearest ...</a>","#home-wdis > div > div > div:nth-child(3) > div:nth-child(84) > p > a:nth-child(4)"
"WCAG2AAA.Principle3.Guideline3_2.3_2_5.H83.3","Check that this link's link text contains information indicating that the link will open in a new window.","warning","<a href=\"http://www.nhs.uk/Service-Search/Pharmacy/LocationSearch/10\" target=\"_blank\" rel=\"noopener\">Please search for your nearest ...</a>","#home-wdis > div > div > div:nth-child(3) > div:nth-child(84) > p > a:nth-child(4)"
"WCAG2AAA.Principle2.Guideline2_4.2_4_9.H30","Check that text of the link describes the purpose of the link.","notice","<a href=\"https://systmonline.tpp-uk.com/2/Login?Date=20171030092910\" target=\"_blank\" rel=\"noopener\">online</a>","#home-wdis > div > div > div:nth-child(3) > div:nth-child(84) > p > a:nth-child(5)"
"WCAG2AAA.Principle3.Guideline3_2.3_2_5.H83.3","Check that this link's link text contains information indicating that the link will open in a new window.","warning","<a href=\"https://systmonline.tpp-uk.com/2/Login?Date=20171030092910\" target=\"_blank\" rel=\"noopener\">online</a>","#home-wdis > div > div > div:nth-child(3) > div:nth-child(84) > p > a:nth-child(5)"
"WCAG2AAA.Principle1.Guideline1_3.1_3_1.H48","If this element contains a navigation section, it is recommended that it be marked up as a list.","warning","<p><strong>Who do I see:</strong>&...</p>","#home-wdis > div > div > div:nth-child(3) > div:nth-child(85) > p"
"WCAG2AAA.Principle2.Guideline2_4.2_4_9.H30","Check that text of the link describes the purpose of the link.","notice","<a href=\"http://www.nhs.uk/Service-Search/Pharmacy/LocationSearch/10\" target=\"_blank\" rel=\"noopener\">Please search for your nearest ...</a>","#home-wdis > div > div > div:nth-child(3) > div:nth-child(85) > p > a:nth-child(4)"
"WCAG2AAA.Principle3.Guideline3_2.3_2_5.H83.3","Check that this link's link text contains information indicating that the link will open in a new window.","warning","<a href=\"http://www.nhs.uk/Service-Search/Pharmacy/LocationSearch/10\" target=\"_blank\" rel=\"noopener\">Please search for your nearest ...</a>","#home-wdis > div > div > div:nth-child(3) > div:nth-child(85) > p > a:nth-child(4)"
"WCAG2AAA.Principle2.Guideline2_4.2_4_9.H30","Check that text of the link describes the purpose of the link.","notice","<a href=\"https://systmonline.tpp-uk.com/2/Login?Date=20171030092910\" target=\"_blank\" rel=\"noopener\">online</a>","#home-wdis > div > div > div:nth-child(3) > div:nth-child(85) > p > a:nth-child(5)"
"WCAG2AAA.Principle3.Guideline3_2.3_2_5.H83.3","Check that this link's link text contains information indicating that the link will open in a new window.","warning","<a href=\"https://systmonline.tpp-uk.com/2/Login?Date=20171030092910\" target=\"_blank\" rel=\"noopener\">online</a>","#home-wdis > div > div > div:nth-child(3) > div:nth-child(85) > p > a:nth-child(5)"
"WCAG2AAA.Principle1.Guideline1_3.1_3_1.H48","If this element contains a navigation section, it is recommended that it be marked up as a list.","warning","<p><strong>Who do I see:&nbsp;</st...</p>","#home-wdis > div > div > div:nth-child(3) > div:nth-child(86) > p"
"WCAG2AAA.Principle2.Guideline2_4.2_4_9.H30","Check that text of the link describes the purpose of the link.","notice","<a href=\"http://oneyouealing.org/smoking/\" target=\"_blank\" rel=\"noopener\">oneyouealing.org</a>","#home-wdis > div > div > div:nth-child(3) > div:nth-child(86) > p > a:nth-child(4)"
"WCAG2AAA.Principle3.Guideline3_2.3_2_5.H83.3","Check that this link's link text contains information indicating that the link will open in a new window.","warning","<a href=\"http://oneyouealing.org/smoking/\" target=\"_blank\" rel=\"noopener\">oneyouealing.org</a>","#home-wdis > div > div > div:nth-child(3) > div:nth-child(86) > p > a:nth-child(4)"
"WCAG2AAA.Principle2.Guideline2_4.2_4_9.H30","Check that text of the link describes the purpose of the link.","notice","<a href=\"https://www.nhs.uk/smokefree\" target=\"_blank\" rel=\"noopener\"> NHS advice page</a>","#home-wdis > div > div > div:nth-child(3) > div:nth-child(86) > p > a:nth-child(5)"
"WCAG2AAA.Principle3.Guideline3_2.3_2_5.H83.3","Check that this link's link text contains information indicating that the link will open in a new window.","warning","<a href=\"https://www.nhs.uk/smokefree\" target=\"_blank\" rel=\"noopener\"> NHS advice page</a>","#home-wdis > div > div > div:nth-child(3) > div:nth-child(86) > p > a:nth-child(5)"
"WCAG2AAA.Principle1.Guideline1_3.1_3_1.H48","If this element contains a navigation section, it is recommended that it be marked up as a list.","warning","<p><strong>Who do I see:</strong>&...</p>","#home-wdis > div > div > div:nth-child(3) > div:nth-child(87) > p"
"WCAG2AAA.Principle2.Guideline2_4.2_4_9.H30","Check that text of the link describes the purpose of the link.","notice","<a href=\"http://www.nhs.uk/Service-Search/Opticians/LocationSearch/9\" target=\"_blank\" rel=\"noopener\">Please search for your nearest ...</a>","#home-wdis > div > div > div:nth-child(3) > div:nth-child(87) > p > a:nth-child(4)"
"WCAG2AAA.Principle3.Guideline3_2.3_2_5.H83.3","Check that this link's link text contains information indicating that the link will open in a new window.","warning","<a href=\"http://www.nhs.uk/Service-Search/Opticians/LocationSearch/9\" target=\"_blank\" rel=\"noopener\">Please search for your nearest ...</a>","#home-wdis > div > div > div:nth-child(3) > div:nth-child(87) > p > a:nth-child(4)"
"WCAG2AAA.Principle2.Guideline2_4.2_4_9.H30","Check that text of the link describes the purpose of the link.","notice","<a href=\"http://www.nhs.uk/Service-Search/Pharmacy/LocationSearch/10\" target=\"_blank\" rel=\"noopener\">search for your nearest communi...</a>","#home-wdis > div > div > div:nth-child(3) > div:nth-child(87) > p > a:nth-child(5)"
"WCAG2AAA.Principle3.Guideline3_2.3_2_5.H83.3","Check that this link's link text contains information indicating that the link will open in a new window.","warning","<a href=\"http://www.nhs.uk/Service-Search/Pharmacy/LocationSearch/10\" target=\"_blank\" rel=\"noopener\">search for your nearest communi...</a>","#home-wdis > div > div > div:nth-child(3) > div:nth-child(87) > p > a:nth-child(5)"
"WCAG2AAA.Principle2.Guideline2_4.2_4_9.H30","Check that text of the link describes the purpose of the link.","notice","<a href=\"https://systmonline.tpp-uk.com/2/Login?Date=20171030092910\" target=\"_blank\" rel=\"noopener\">online</a>","#home-wdis > div > div > div:nth-child(3) > div:nth-child(87) > p > a:nth-child(6)"
"WCAG2AAA.Principle3.Guideline3_2.3_2_5.H83.3","Check that this link's link text contains information indicating that the link will open in a new window.","warning","<a href=\"https://systmonline.tpp-uk.com/2/Login?Date=20171030092910\" target=\"_blank\" rel=\"noopener\">online</a>","#home-wdis > div > div > div:nth-child(3) > div:nth-child(87) > p > a:nth-child(6)"
"WCAG2AAA.Principle1.Guideline1_3.1_3_1.H48","If this element contains a navigation section, it is recommended that it be marked up as a list.","warning","<p><strong>Who do I see:</strong>&...</p>","#home-wdis > div > div > div:nth-child(3) > div:nth-child(88) > p"
"WCAG2AAA.Principle2.Guideline2_4.2_4_9.H30","Check that text of the link describes the purpose of the link.","notice","<a href=\"https://www.nwlondonsexualhealth.nhs.uk/clinics_ealing_hospital.php\" target=\"_blank\" rel=\"noopener\"> Ealing Hospital GUM clinic</a>","#home-wdis > div > div > div:nth-child(3) > div:nth-child(88) > p > a:nth-child(4)"
"WCAG2AAA.Principle3.Guideline3_2.3_2_5.H83.3","Check that this link's link text contains information indicating that the link will open in a new window.","warning","<a href=\"https://www.nwlondonsexualhealth.nhs.uk/clinics_ealing_hospital.php\" target=\"_blank\" rel=\"noopener\"> Ealing Hospital GUM clinic</a>","#home-wdis > div > div > div:nth-child(3) > div:nth-child(88) > p > a:nth-child(4)"
"WCAG2AAA.Principle2.Guideline2_4.2_4_9.H30","Check that text of the link describes the purpose of the link.","notice","<a href=\"http://www.sexualhealthhounslow.org.uk/shh_clinics_isleworth.php\" target=\"_blank\" rel=\"noopener\">West Middlesex Hospital GUM Cli...</a>","#home-wdis > div > div > div:nth-child(3) > div:nth-child(88) > p > a:nth-child(5)"
"WCAG2AAA.Principle3.Guideline3_2.3_2_5.H83.3","Check that this link's link text contains information indicating that the link will open in a new window.","warning","<a href=\"http://www.sexualhealthhounslow.org.uk/shh_clinics_isleworth.php\" target=\"_blank\" rel=\"noopener\">West Middlesex Hospital GUM Cli...</a>","#home-wdis > div > div > div:nth-child(3) > div:nth-child(88) > p > a:nth-child(5)"
"WCAG2AAA.Principle2.Guideline2_4.2_4_9.H30","Check that text of the link describes the purpose of the link.","notice","<a href=\"https://systmonline.tpp-uk.com/2/Login?Date=20171030092910\" target=\"_blank\" rel=\"noopener\">online</a>","#home-wdis > div > div > div:nth-child(3) > div:nth-child(88) > p > a:nth-child(6)"
"WCAG2AAA.Principle3.Guideline3_2.3_2_5.H83.3","Check that this link's link text contains information indicating that the link will open in a new window.","warning","<a href=\"https://systmonline.tpp-uk.com/2/Login?Date=20171030092910\" target=\"_blank\" rel=\"noopener\">online</a>","#home-wdis > div > div > div:nth-child(3) > div:nth-child(88) > p > a:nth-child(6)"
"WCAG2AAA.Principle1.Guideline1_3.1_3_1.H48","If this element contains a navigation section, it is recommended that it be marked up as a list.","warning","<p><strong>Who do I see:</strong>&...</p>","#home-wdis > div > div > div:nth-child(3) > div:nth-child(89) > p"
"WCAG2AAA.Principle2.Guideline2_4.2_4_9.H30","Check that text of the link describes the purpose of the link.","notice","<a href=\"http://www.nhs.uk/Service-Search/Pharmacy/LocationSearch/10\" target=\"_blank\" rel=\"noopener\">Please search for your nearest ...</a>","#home-wdis > div > div > div:nth-child(3) > div:nth-child(89) > p > a:nth-child(4)"
"WCAG2AAA.Principle3.Guideline3_2.3_2_5.H83.3","Check that this link's link text contains information indicating that the link will open in a new window.","warning","<a href=\"http://www.nhs.uk/Service-Search/Pharmacy/LocationSearch/10\" target=\"_blank\" rel=\"noopener\">Please search for your nearest ...</a>","#home-wdis > div > div > div:nth-child(3) > div:nth-child(89) > p > a:nth-child(4)"
"WCAG2AAA.Principle2.Guideline2_4.2_4_9.H30","Check that text of the link describes the purpose of the link.","notice","<a href=\"https://systmonline.tpp-uk.com/2/Login?Date=20171030092910\" target=\"_blank\" rel=\"noopener\">online</a>","#home-wdis > div > div > div:nth-child(3) > div:nth-child(89) > p > a:nth-child(5)"
"WCAG2AAA.Principle3.Guideline3_2.3_2_5.H83.3","Check that this link's link text contains information indicating that the link will open in a new window.","warning","<a href=\"https://systmonline.tpp-uk.com/2/Login?Date=20171030092910\" target=\"_blank\" rel=\"noopener\">online</a>","#home-wdis > div > div > div:nth-child(3) > div:nth-child(89) > p > a:nth-child(5)"
"WCAG2AAA.Principle1.Guideline1_3.1_3_1.H48","If this element contains a navigation section, it is recommended that it be marked up as a list.","warning","<p><strong>Who do I see:</strong>&...</p>","#home-wdis > div > div > div:nth-child(3) > div:nth-child(90) > p"
"WCAG2AAA.Principle2.Guideline2_4.2_4_9.H30","Check that text of the link describes the purpose of the link.","notice","<a href=\"http://www.nhs.uk/Service-Search/Pharmacy/LocationSearch/10\" target=\"_blank\" rel=\"noopener\">Please search for your nearest ...</a>","#home-wdis > div > div > div:nth-child(3) > div:nth-child(90) > p > a:nth-child(4)"
"WCAG2AAA.Principle3.Guideline3_2.3_2_5.H83.3","Check that this link's link text contains information indicating that the link will open in a new window.","warning","<a href=\"http://www.nhs.uk/Service-Search/Pharmacy/LocationSearch/10\" target=\"_blank\" rel=\"noopener\">Please search for your nearest ...</a>","#home-wdis > div > div > div:nth-child(3) > div:nth-child(90) > p > a:nth-child(4)"
"WCAG2AAA.Principle2.Guideline2_4.2_4_9.H30","Check that text of the link describes the purpose of the link.","notice","<a href=\"https://systmonline.tpp-uk.com/2/Login?Date=20171030092910\" target=\"_blank\" rel=\"noopener\">online</a>","#home-wdis > div > div > div:nth-child(3) > div:nth-child(90) > p > a:nth-child(5)"
"WCAG2AAA.Principle3.Guideline3_2.3_2_5.H83.3","Check that this link's link text contains information indicating that the link will open in a new window.","warning","<a href=\"https://systmonline.tpp-uk.com/2/Login?Date=20171030092910\" target=\"_blank\" rel=\"noopener\">online</a>","#home-wdis > div > div > div:nth-child(3) > div:nth-child(90) > p > a:nth-child(5)"
"WCAG2AAA.Principle2.Guideline2_4.2_4_9.H30","Check that text of the link describes the purpose of the link.","notice","<a href=\"http://www.nhs.uk/Service-Search/Urgent%20Care/LocationSearch/0\" target=\"_blank\" rel=\"noopener\">search for your nearest Urgent ...</a>","#home-wdis > div > div > div:nth-child(3) > div:nth-child(90) > p > a:nth-child(6)"
"WCAG2AAA.Principle3.Guideline3_2.3_2_5.H83.3","Check that this link's link text contains information indicating that the link will open in a new window.","warning","<a href=\"http://www.nhs.uk/Service-Search/Urgent%20Care/LocationSearch/0\" target=\"_blank\" rel=\"noopener\">search for your nearest Urgent ...</a>","#home-wdis > div > div > div:nth-child(3) > div:nth-child(90) > p > a:nth-child(6)"
"WCAG2AAA.Principle2.Guideline2_4.2_4_9.H30","Check that text of the link describes the purpose of the link.","notice","<a href=\"http://www.nhs.uk/Service-Search/Pharmacy/LocationSearch/10\" target=\"_blank\" rel=\"noopener\">Please search for your nearest ...</a>","#home-wdis > div > div > div:nth-child(3) > div:nth-child(92) > p > a"
"WCAG2AAA.Principle3.Guideline3_2.3_2_5.H83.3","Check that this link's link text contains information indicating that the link will open in a new window.","warning","<a href=\"http://www.nhs.uk/Service-Search/Pharmacy/LocationSearch/10\" target=\"_blank\" rel=\"noopener\">Please search for your nearest ...</a>","#home-wdis > div > div > div:nth-child(3) > div:nth-child(92) > p > a"
"WCAG2AAA.Principle1.Guideline1_3.1_3_1.H48","If this element contains a navigation section, it is recommended that it be marked up as a list.","warning","<p><strong>Who do I see:</strong>&...</p>","#home-wdis > div > div > div:nth-child(3) > div:nth-child(93) > p"
"WCAG2AAA.Principle2.Guideline2_4.2_4_9.H30","Check that text of the link describes the purpose of the link.","notice","<a href=\"http://www.nhs.uk/Service-Search/Opticians/LocationSearch/9\" target=\"_blank\" rel=\"noopener\">Please search for your nearest ...</a>","#home-wdis > div > div > div:nth-child(3) > div:nth-child(93) > p > a:nth-child(4)"
"WCAG2AAA.Principle3.Guideline3_2.3_2_5.H83.3","Check that this link's link text contains information indicating that the link will open in a new window.","warning","<a href=\"http://www.nhs.uk/Service-Search/Opticians/LocationSearch/9\" target=\"_blank\" rel=\"noopener\">Please search for your nearest ...</a>","#home-wdis > div > div > div:nth-child(3) > div:nth-child(93) > p > a:nth-child(4)"
"WCAG2AAA.Principle2.Guideline2_4.2_4_9.H30","Check that text of the link describes the purpose of the link.","notice","<a href=\"http://www.nhs.uk/Service-Search/Pharmacy/LocationSearch/10\" target=\"_blank\" rel=\"noopener\">search for your nearest communi...</a>","#home-wdis > div > div > div:nth-child(3) > div:nth-child(93) > p > a:nth-child(5)"
"WCAG2AAA.Principle3.Guideline3_2.3_2_5.H83.3","Check that this link's link text contains information indicating that the link will open in a new window.","warning","<a href=\"http://www.nhs.uk/Service-Search/Pharmacy/LocationSearch/10\" target=\"_blank\" rel=\"noopener\">search for your nearest communi...</a>","#home-wdis > div > div > div:nth-child(3) > div:nth-child(93) > p > a:nth-child(5)"
"WCAG2AAA.Principle2.Guideline2_4.2_4_9.H30","Check that text of the link describes the purpose of the link.","notice","<a href=\"https://systmonline.tpp-uk.com/2/Login?Date=20171030092910\" target=\"_blank\" rel=\"noopener\">online</a>","#home-wdis > div > div > div:nth-child(3) > div:nth-child(93) > p > a:nth-child(6)"
"WCAG2AAA.Principle3.Guideline3_2.3_2_5.H83.3","Check that this link's link text contains information indicating that the link will open in a new window.","warning","<a href=\"https://systmonline.tpp-uk.com/2/Login?Date=20171030092910\" target=\"_blank\" rel=\"noopener\">online</a>","#home-wdis > div > div > div:nth-child(3) > div:nth-child(93) > p > a:nth-child(6)"
"WCAG2AAA.Principle2.Guideline2_4.2_4_9.H30","Check that text of the link describes the purpose of the link.","notice","<a href=\"http://www.nhs.uk/Service-Search/Pharmacy/LocationSearch/10\" target=\"_blank\" rel=\"noopener\">Please search for your nearest ...</a>","#home-wdis > div > div > div:nth-child(3) > div:nth-child(94) > p > a"
"WCAG2AAA.Principle3.Guideline3_2.3_2_5.H83.3","Check that this link's link text contains information indicating that the link will open in a new window.","warning","<a href=\"http://www.nhs.uk/Service-Search/Pharmacy/LocationSearch/10\" target=\"_blank\" rel=\"noopener\">Please search for your nearest ...</a>","#home-wdis > div > div > div:nth-child(3) > div:nth-child(94) > p > a"
"WCAG2AAA.Principle1.Guideline1_3.1_3_1.H48","If this element contains a navigation section, it is recommended that it be marked up as a list.","warning","<p><strong>Who do I see:</strong>&...</p>","#home-wdis > div > div > div:nth-child(3) > div:nth-child(96) > p"
"WCAG2AAA.Principle2.Guideline2_4.2_4_9.H30","Check that text of the link describes the purpose of the link.","notice","<a href=\"http://www.nhs.uk/Service-Search/Pharmacy/LocationSearch/10\" target=\"_blank\" rel=\"noopener\">Please search for your nearest ...</a>","#home-wdis > div > div > div:nth-child(3) > div:nth-child(96) > p > a:nth-child(4)"
"WCAG2AAA.Principle3.Guideline3_2.3_2_5.H83.3","Check that this link's link text contains information indicating that the link will open in a new window.","warning","<a href=\"http://www.nhs.uk/Service-Search/Pharmacy/LocationSearch/10\" target=\"_blank\" rel=\"noopener\">Please search for your nearest ...</a>","#home-wdis > div > div > div:nth-child(3) > div:nth-child(96) > p > a:nth-child(4)"
"WCAG2AAA.Principle2.Guideline2_4.2_4_9.H30","Check that text of the link describes the purpose of the link.","notice","<a href=\"http://www.nhs.uk/Conditions/Threadworms/Pages/Introduction.aspx\" target=\"_blank\" rel=\"noopener\">NHS Choices page</a>","#home-wdis > div > div > div:nth-child(3) > div:nth-child(96) > p > a:nth-child(5)"
"WCAG2AAA.Principle3.Guideline3_2.3_2_5.H83.3","Check that this link's link text contains information indicating that the link will open in a new window.","warning","<a href=\"http://www.nhs.uk/Conditions/Threadworms/Pages/Introduction.aspx\" target=\"_blank\" rel=\"noopener\">NHS Choices page</a>","#home-wdis > div > div > div:nth-child(3) > div:nth-child(96) > p > a:nth-child(5)"
"WCAG2AAA.Principle1.Guideline1_3.1_3_1.H48","If this element contains a navigation section, it is recommended that it be marked up as a list.","warning","<p><strong>Who do I see:</strong>&...</p>","#home-wdis > div > div > div:nth-child(3) > div:nth-child(97) > p"
"WCAG2AAA.Principle2.Guideline2_4.2_4_9.H30","Check that text of the link describes the purpose of the link.","notice","<a href=\"http://www.nhs.uk/Conditions/Thrush/Pages/Introduction.aspx\" target=\"_blank\" rel=\"noopener\">NHS choices help page</a>","#home-wdis > div > div > div:nth-child(3) > div:nth-child(97) > p > a:nth-child(4)"
"WCAG2AAA.Principle3.Guideline3_2.3_2_5.H83.3","Check that this link's link text contains information indicating that the link will open in a new window.","warning","<a href=\"http://www.nhs.uk/Conditions/Thrush/Pages/Introduction.aspx\" target=\"_blank\" rel=\"noopener\">NHS choices help page</a>","#home-wdis > div > div > div:nth-child(3) > div:nth-child(97) > p > a:nth-child(4)"
"WCAG2AAA.Principle2.Guideline2_4.2_4_9.H30","Check that text of the link describes the purpose of the link.","notice","<a href=\"http://www.nhs.uk/Service-Search/Pharmacy/LocationSearch/10\" target=\"_blank\" rel=\"noopener\">search for your nearest communi...</a>","#home-wdis > div > div > div:nth-child(3) > div:nth-child(97) > p > a:nth-child(5)"
"WCAG2AAA.Principle3.Guideline3_2.3_2_5.H83.3","Check that this link's link text contains information indicating that the link will open in a new window.","warning","<a href=\"http://www.nhs.uk/Service-Search/Pharmacy/LocationSearch/10\" target=\"_blank\" rel=\"noopener\">search for your nearest communi...</a>","#home-wdis > div > div > div:nth-child(3) > div:nth-child(97) > p > a:nth-child(5)"
"WCAG2AAA.Principle2.Guideline2_4.2_4_9.H30","Check that text of the link describes the purpose of the link.","notice","<a href=\"https://www.nwlondonsexualhealth.nhs.uk/clinics_ealing_hospital.php\" target=\"_blank\" rel=\"noopener\"> Ealing Hospital GUM clinic</a>","#home-wdis > div > div > div:nth-child(3) > div:nth-child(97) > p > a:nth-child(6)"
"WCAG2AAA.Principle3.Guideline3_2.3_2_5.H83.3","Check that this link's link text contains information indicating that the link will open in a new window.","warning","<a href=\"https://www.nwlondonsexualhealth.nhs.uk/clinics_ealing_hospital.php\" target=\"_blank\" rel=\"noopener\"> Ealing Hospital GUM clinic</a>","#home-wdis > div > div > div:nth-child(3) > div:nth-child(97) > p > a:nth-child(6)"
"WCAG2AAA.Principle2.Guideline2_4.2_4_9.H30","Check that text of the link describes the purpose of the link.","notice","<a href=\"http://www.sexualhealthhounslow.org.uk/shh_clinics_isleworth.php\" target=\"_blank\" rel=\"noopener\">West Middlesex Hospital GUM Cli...</a>","#home-wdis > div > div > div:nth-child(3) > div:nth-child(97) > p > a:nth-child(7)"
"WCAG2AAA.Principle3.Guideline3_2.3_2_5.H83.3","Check that this link's link text contains information indicating that the link will open in a new window.","warning","<a href=\"http://www.sexualhealthhounslow.org.uk/shh_clinics_isleworth.php\" target=\"_blank\" rel=\"noopener\">West Middlesex Hospital GUM Cli...</a>","#home-wdis > div > div > div:nth-child(3) > div:nth-child(97) > p > a:nth-child(7)"
"WCAG2AAA.Principle2.Guideline2_4.2_4_9.H30","Check that text of the link describes the purpose of the link.","notice","<a href=\"https://systmonline.tpp-uk.com/2/Login?Date=20171030092910\" target=\"_blank\" rel=\"noopener\">online</a>","#home-wdis > div > div > div:nth-child(3) > div:nth-child(99) > p > a"
"WCAG2AAA.Principle3.Guideline3_2.3_2_5.H83.3","Check that this link's link text contains information indicating that the link will open in a new window.","warning","<a href=\"https://systmonline.tpp-uk.com/2/Login?Date=20171030092910\" target=\"_blank\" rel=\"noopener\">online</a>","#home-wdis > div > div > div:nth-child(3) > div:nth-child(99) > p > a"
"WCAG2AAA.Principle1.Guideline1_3.1_3_1.H48","If this element contains a navigation section, it is recommended that it be marked up as a list.","warning","<p><strong>Who do I see:</strong>&...</p>","#home-wdis > div > div > div:nth-child(3) > div:nth-child(100) > p"
"WCAG2AAA.Principle2.Guideline2_4.2_4_9.H30","Check that text of the link describes the purpose of the link.","notice","<a href=\"http://www.nhs.uk/Service-Search/Pharmacy/LocationSearch/10\" target=\"_blank\" rel=\"noopener\">search for your nearest communi...</a>","#home-wdis > div > div > div:nth-child(3) > div:nth-child(100) > p > a:nth-child(4)"
"WCAG2AAA.Principle3.Guideline3_2.3_2_5.H83.3","Check that this link's link text contains information indicating that the link will open in a new window.","warning","<a href=\"http://www.nhs.uk/Service-Search/Pharmacy/LocationSearch/10\" target=\"_blank\" rel=\"noopener\">search for your nearest communi...</a>","#home-wdis > div > div > div:nth-child(3) > div:nth-child(100) > p > a:nth-child(4)"
"WCAG2AAA.Principle2.Guideline2_4.2_4_9.H30","Check that text of the link describes the purpose of the link.","notice","<a href=\"https://www.nwlondonsexualhealth.nhs.uk/clinics_ealing_hospital.php\" target=\"_blank\" rel=\"noopener\"> Ealing Hospital GUM clinic</a>","#home-wdis > div > div > div:nth-child(3) > div:nth-child(100) > p > a:nth-child(5)"
"WCAG2AAA.Principle3.Guideline3_2.3_2_5.H83.3","Check that this link's link text contains information indicating that the link will open in a new window.","warning","<a href=\"https://www.nwlondonsexualhealth.nhs.uk/clinics_ealing_hospital.php\" target=\"_blank\" rel=\"noopener\"> Ealing Hospital GUM clinic</a>","#home-wdis > div > div > div:nth-child(3) > div:nth-child(100) > p > a:nth-child(5)"
"WCAG2AAA.Principle2.Guideline2_4.2_4_9.H30","Check that text of the link describes the purpose of the link.","notice","<a href=\"http://www.sexualhealthhounslow.org.uk/shh_clinics_isleworth.php\" target=\"_blank\" rel=\"noopener\">West Middlesex Hospital GUM Cli...</a>","#home-wdis > div > div > div:nth-child(3) > div:nth-child(100) > p > a:nth-child(6)"
"WCAG2AAA.Principle3.Guideline3_2.3_2_5.H83.3","Check that this link's link text contains information indicating that the link will open in a new window.","warning","<a href=\"http://www.sexualhealthhounslow.org.uk/shh_clinics_isleworth.php\" target=\"_blank\" rel=\"noopener\">West Middlesex Hospital GUM Cli...</a>","#home-wdis > div > div > div:nth-child(3) > div:nth-child(100) > p > a:nth-child(6)"
"WCAG2AAA.Principle2.Guideline2_4.2_4_9.H30","Check that text of the link describes the purpose of the link.","notice","<a href=\"https://systmonline.tpp-uk.com/2/Login?Date=20171030092910\" target=\"_blank\" rel=\"noopener\">online</a>","#home-wdis > div > div > div:nth-child(3) > div:nth-child(100) > p > a:nth-child(7)"
"WCAG2AAA.Principle3.Guideline3_2.3_2_5.H83.3","Check that this link's link text contains information indicating that the link will open in a new window.","warning","<a href=\"https://systmonline.tpp-uk.com/2/Login?Date=20171030092910\" target=\"_blank\" rel=\"noopener\">online</a>","#home-wdis > div > div > div:nth-child(3) > div:nth-child(100) > p > a:nth-child(7)"
"WCAG2AAA.Principle1.Guideline1_3.1_3_1.H48","If this element contains a navigation section, it is recommended that it be marked up as a list.","warning","<p><strong>Who do I see:</strong>&...</p>","#home-wdis > div > div > div:nth-child(3) > div:nth-child(101) > p"
"WCAG2AAA.Principle2.Guideline2_4.2_4_9.H30","Check that text of the link describes the purpose of the link.","notice","<a href=\"http://www.nhs.uk/Service-Search/Pharmacy/LocationSearch/10\" target=\"_blank\" rel=\"noopener\">Please search for your nearest ...</a>","#home-wdis > div > div > div:nth-child(3) > div:nth-child(101) > p > a:nth-child(4)"
"WCAG2AAA.Principle3.Guideline3_2.3_2_5.H83.3","Check that this link's link text contains information indicating that the link will open in a new window.","warning","<a href=\"http://www.nhs.uk/Service-Search/Pharmacy/LocationSearch/10\" target=\"_blank\" rel=\"noopener\">Please search for your nearest ...</a>","#home-wdis > div > div > div:nth-child(3) > div:nth-child(101) > p > a:nth-child(4)"
"WCAG2AAA.Principle2.Guideline2_4.2_4_9.H30","Check that text of the link describes the purpose of the link.","notice","<a href=\"https://systmonline.tpp-uk.com/2/Login?Date=20171030092910\" target=\"_blank\" rel=\"noopener\">online</a>","#home-wdis > div > div > div:nth-child(3) > div:nth-child(101) > p > a:nth-child(5)"
"WCAG2AAA.Principle3.Guideline3_2.3_2_5.H83.3","Check that this link's link text contains information indicating that the link will open in a new window.","warning","<a href=\"https://systmonline.tpp-uk.com/2/Login?Date=20171030092910\" target=\"_blank\" rel=\"noopener\">online</a>","#home-wdis > div > div > div:nth-child(3) > div:nth-child(101) > p > a:nth-child(5)"
"WCAG2AAA.Principle1.Guideline1_3.1_3_1.H48","If this element contains a navigation section, it is recommended that it be marked up as a list.","warning","<p><strong>Who do I see:</strong>&...</p>","#home-wdis > div > div > div:nth-child(3) > div:nth-child(103) > p"
"WCAG2AAA.Principle2.Guideline2_4.2_4_9.H30","Check that text of the link describes the purpose of the link.","notice","<a href=\"http://www.nhs.uk/Service-Search/Pharmacy/LocationSearch/10\" target=\"_blank\" rel=\"noopener\">Please search for your nearest ...</a>","#home-wdis > div > div > div:nth-child(3) > div:nth-child(103) > p > a:nth-child(4)"
"WCAG2AAA.Principle3.Guideline3_2.3_2_5.H83.3","Check that this link's link text contains information indicating that the link will open in a new window.","warning","<a href=\"http://www.nhs.uk/Service-Search/Pharmacy/LocationSearch/10\" target=\"_blank\" rel=\"noopener\">Please search for your nearest ...</a>","#home-wdis > div > div > div:nth-child(3) > div:nth-child(103) > p > a:nth-child(4)"
"WCAG2AAA.Principle2.Guideline2_4.2_4_9.H30","Check that text of the link describes the purpose of the link.","notice","<a href=\"https://systmonline.tpp-uk.com/2/Login?Date=20171030092910\" target=\"_blank\" rel=\"noopener\">online</a>","#home-wdis > div > div > div:nth-child(3) > div:nth-child(103) > p > a:nth-child(5)"
"WCAG2AAA.Principle3.Guideline3_2.3_2_5.H83.3","Check that this link's link text contains information indicating that the link will open in a new window.","warning","<a href=\"https://systmonline.tpp-uk.com/2/Login?Date=20171030092910\" target=\"_blank\" rel=\"noopener\">online</a>","#home-wdis > div > div > div:nth-child(3) > div:nth-child(103) > p > a:nth-child(5)"
"WCAG2AAA.Principle1.Guideline1_3.1_3_1.H48","If this element contains a navigation section, it is recommended that it be marked up as a list.","warning","<p><strong>Who do I see:</strong>&...</p>","#home-wdis > div > div > div:nth-child(3) > div:nth-child(105) > p"
"WCAG2AAA.Principle2.Guideline2_4.2_4_9.H30","Check that text of the link describes the purpose of the link.","notice","<a href=\"http://www.nhs.uk/Service-Search/Pharmacy/LocationSearch/10\" target=\"_blank\" rel=\"noopener\">Please search for your nearest ...</a>","#home-wdis > div > div > div:nth-child(3) > div:nth-child(105) > p > a:nth-child(4)"
"WCAG2AAA.Principle3.Guideline3_2.3_2_5.H83.3","Check that this link's link text contains information indicating that the link will open in a new window.","warning","<a href=\"http://www.nhs.uk/Service-Search/Pharmacy/LocationSearch/10\" target=\"_blank\" rel=\"noopener\">Please search for your nearest ...</a>","#home-wdis > div > div > div:nth-child(3) > div:nth-child(105) > p > a:nth-child(4)"
"WCAG2AAA.Principle2.Guideline2_4.2_4_9.H30","Check that text of the link describes the purpose of the link.","notice","<a href=\"https://systmonline.tpp-uk.com/2/Login?Date=20171030092910\" target=\"_blank\" rel=\"noopener\">online</a>","#home-wdis > div > div > div:nth-child(3) > div:nth-child(105) > p > a:nth-child(5)"
"WCAG2AAA.Principle3.Guideline3_2.3_2_5.H83.3","Check that this link's link text contains information indicating that the link will open in a new window.","warning","<a href=\"https://systmonline.tpp-uk.com/2/Login?Date=20171030092910\" target=\"_blank\" rel=\"noopener\">online</a>","#home-wdis > div > div > div:nth-child(3) > div:nth-child(105) > p > a:nth-child(5)"
"WCAG2AAA.Principle2.Guideline2_4.2_4_9.H30","Check that text of the link describes the purpose of the link.","notice","<a href=\"http://healthyealing.com/\" target=\"_blank\" rel=\"noopener noreferrer\">healthyealing.com</a>","#home-healthy-ealing > div > ul > li:nth-child(1) > a"
"WCAG2AAA.Principle3.Guideline3_2.3_2_5.H83.3","Check that this link's link text contains information indicating that the link will open in a new window.","warning","<a href=\"http://healthyealing.com/\" target=\"_blank\" rel=\"noopener noreferrer\">healthyealing.com</a>","#home-healthy-ealing > div > ul > li:nth-child(1) > a"
"WCAG2AAA.Principle2.Guideline2_4.2_4_9.H30","Check that text of the link describes the purpose of the link.","notice","<a href=\"https://www.careplace.org.uk/\" target=\"_blank\" rel=\"noopener\">careplace.org.uk</a>","#home-healthy-ealing > div > ul > li:nth-child(2) > a"
"WCAG2AAA.Principle3.Guideline3_2.3_2_5.H83.3","Check that this link's link text contains information indicating that the link will open in a new window.","warning","<a href=\"https://www.careplace.org.uk/\" target=\"_blank\" rel=\"noopener\">careplace.org.uk</a>","#home-healthy-ealing > div > ul > li:nth-child(2) > a"
"WCAG2AAA.Principle2.Guideline2_4.2_4_9.H30","Check that text of the link describes the purpose of the link.","notice","<a href=\"http://oneyouealing.org/\" target=\"_blank\" rel=\"noopener\">oneyouealing.org</a>","#home-healthy-ealing > div > ul > li:nth-child(3) > a"
"WCAG2AAA.Principle3.Guideline3_2.3_2_5.H83.3","Check that this link's link text contains information indicating that the link will open in a new window.","warning","<a href=\"http://oneyouealing.org/\" target=\"_blank\" rel=\"noopener\">oneyouealing.org</a>","#home-healthy-ealing > div > ul > li:nth-child(3) > a"
"WCAG2AAA.Principle1.Guideline1_4.1_4_6.G17.Fail","This element has insufficient contrast at this conformance level. Expected a contrast ratio of at least 7:1, but text in this element has a contrast ratio of 3.27:1. Recommendation: change background to #006178.","error","<a href=\"/practice-info/friend-and-family-test/\">Did you know you can help impro...</a>","#home-fft > div > p > a"
"WCAG2AAA.Principle2.Guideline2_4.2_4_9.H30","Check that text of the link describes the purpose of the link.","notice","<a href=\"/practice-info/friend-and-family-test/\">Did you know you can help impro...</a>","#home-fft > div > p > a"
"WCAG2AAA.Principle2.Guideline2_4.2_4_9.H30","Check that text of the link describes the purpose of the link.","notice","<a href=\"https://www.broadmeadsurgery.co.uk/team/admin-team/\">Reception Administration Team</a>","#row5a > ul > li:nth-child(1) > a"
"WCAG2AAA.Principle2.Guideline2_4.2_4_9.H30","Check that text of the link describes the purpose of the link.","notice","<a href=\"https://www.broadmeadsurgery.co.uk/team/health-care-assistants/\">Health Care Assistants</a>","#row5a > ul > li:nth-child(2) > a"
"WCAG2AAA.Principle2.Guideline2_4.2_4_9.H30","Check that text of the link describes the purpose of the link.","notice","<a href=\"https://www.broadmeadsurgery.co.uk/team/nursing-team/\">Nursing Team</a>","#row5a > ul > li:nth-child(3) > a"
"WCAG2AAA.Principle2.Guideline2_4.2_4_9.H30","Check that text of the link describes the purpose of the link.","notice","<a href=\"https://www.broadmeadsurgery.co.uk/team/salaried-gps-and-gp-registrars/\">Salaried GPs</a>","#row5a > ul > li:nth-child(4) > a"
"WCAG2AAA.Principle2.Guideline2_4.2_4_9.H30","Check that text of the link describes the purpose of the link.","notice","<a href=\"https://www.broadmeadsurgery.co.uk/team/gp-associates/\">GP Principals</a>","#row5a > ul > li:nth-child(5) > a"
"WCAG2AAA.Principle2.Guideline2_4.2_4_9.H30","Check that text of the link describes the purpose of the link.","notice","<a href=\"https://www.broadmeadsurgery.co.uk/team/practice-management/\">Practice Management</a>","#row5a > ul > li:nth-child(6) > a"
"WCAG2AAA.Principle2.Guideline2_4.2_4_9.H30","Check that text of the link describes the purpose of the link.","notice","<a href=\"https://www.broadmeadsurgery.co.uk/practice-services/surgery-clinics/\">Surgery Clinics</a>","#row5b > ul > li:nth-child(1) > a"
"WCAG2AAA.Principle2.Guideline2_4.2_4_9.H30","Check that text of the link describes the purpose of the link.","notice","<a href=\"https://www.broadmeadsurgery.co.uk/practice-services/anti-coagulation/\">Anti-Coagulation</a>","#row5b > ul > li:nth-child(2) > a"
"WCAG2AAA.Principle2.Guideline2_4.2_4_9.H30","Check that text of the link describes the purpose of the link.","notice","<a href=\"https://www.broadmeadsurgery.co.uk/practice-services/cancer-screening/\">Cancer Screening</a>","#row5b > ul > li:nth-child(3) > a"
"WCAG2AAA.Principle2.Guideline2_4.2_4_9.H30","Check that text of the link describes the purpose of the link.","notice","<a href=\"https://www.broadmeadsurgery.co.uk/practice-services/childrens-health/\">Children’s Health</a>","#row5b > ul > li:nth-child(4) > a"
"WCAG2AAA.Principle2.Guideline2_4.2_4_9.H30","Check that text of the link describes the purpose of the link.","notice","<a href=\"https://www.broadmeadsurgery.co.uk/practice-services/managing-chronic-diseases/\">Managing Chronic Diseases</a>","#row5b > ul > li:nth-child(5) > a"
"WCAG2AAA.Principle2.Guideline2_4.2_4_9.H30","Check that text of the link describes the purpose of the link.","notice","<a href=\"https://www.broadmeadsurgery.co.uk/practice-services/mens-health/\">Men’s Health</a>","#row5b > ul > li:nth-child(6) > a"
"WCAG2AAA.Principle2.Guideline2_4.2_4_9.H30","Check that text of the link describes the purpose of the link.","notice","<a href=\"https://www.broadmeadsurgery.co.uk/practice-services/minor-surgery/\">Minor Surgery</a>","#row5b > ul > li:nth-child(7) > a"
"WCAG2AAA.Principle2.Guideline2_4.2_4_9.H30","Check that text of the link describes the purpose of the link.","notice","<a href=\"https://www.broadmeadsurgery.co.uk/practice-services/nhs-health-checks/\">NHS Health Checks</a>","#row5b > ul > li:nth-child(8) > a"
"WCAG2AAA.Principle2.Guideline2_4.2_4_9.H30","Check that text of the link describes the purpose of the link.","notice","<a href=\"https://www.broadmeadsurgery.co.uk/practice-services/private-services/\">Non-NHS Work</a>","#row5b > ul > li:nth-child(9) > a"
"WCAG2AAA.Principle2.Guideline2_4.2_4_9.H30","Check that text of the link describes the purpose of the link.","notice","<a href=\"https://www.broadmeadsurgery.co.uk/practice-services/planning-a-family/\">Planning a Family</a>","#row5b > ul > li:nth-child(10) > a"
"WCAG2AAA.Principle2.Guideline2_4.2_4_9.H30","Check that text of the link describes the purpose of the link.","notice","<a href=\"https://www.broadmeadsurgery.co.uk/practice-info/our-policies/chaperones/\">Chaperones</a>","#row5c > ul > li:nth-child(1) > a"
"WCAG2AAA.Principle2.Guideline2_4.2_4_9.H30","Check that text of the link describes the purpose of the link.","notice","<a href=\"https://www.broadmeadsurgery.co.uk/practice-info/our-policies/did-not-attend-dna/\">Did Not Attend (DNA)</a>","#row5c > ul > li:nth-child(2) > a"
"WCAG2AAA.Principle2.Guideline2_4.2_4_9.H30","Check that text of the link describes the purpose of the link.","notice","<a href=\"https://www.broadmeadsurgery.co.uk/practice-info/our-policies/subject-access-request/\">Subject Access Request</a>","#row5c > ul > li:nth-child(3) > a"
"WCAG2AAA.Principle2.Guideline2_4.2_4_9.H30","Check that text of the link describes the purpose of the link.","notice","<a href=\"https://www.broadmeadsurgery.co.uk/practice-info/our-policies/child-safeguarding/\">Child Safeguarding</a>","#row5c > ul > li:nth-child(4) > a"
"WCAG2AAA.Principle2.Guideline2_4.2_4_9.H30","Check that text of the link describes the purpose of the link.","notice","<a href=\"https://www.broadmeadsurgery.co.uk/practice-info/our-policies/disability-access/\">Disability Access</a>","#row5c > ul > li:nth-child(5) > a"
"WCAG2AAA.Principle2.Guideline2_4.2_4_9.H30","Check that text of the link describes the purpose of the link.","notice","<a href=\"https://www.broadmeadsurgery.co.uk/practice-info/our-policies/fair-processing-notice/\">Fair Processing Notice</a>","#row5c > ul > li:nth-child(6) > a"
"WCAG2AAA.Principle2.Guideline2_4.2_4_9.H30","Check that text of the link describes the purpose of the link.","notice","<a href=\"https://www.broadmeadsurgery.co.uk/practice-info/our-policies/feedback-and-complaints/\">Feedback and Complaints</a>","#row5c > ul > li:nth-child(7) > a"
"WCAG2AAA.Principle2.Guideline2_4.2_4_9.H30","Check that text of the link describes the purpose of the link.","notice","<a href=\"https://www.broadmeadsurgery.co.uk/practice-info/our-policies/freedom-of-information/\">Freedom of Information</a>","#row5c > ul > li:nth-child(8) > a"
"WCAG2AAA.Principle2.Guideline2_4.2_4_9.H30","Check that text of the link describes the purpose of the link.","notice","<a href=\"https://www.broadmeadsurgery.co.uk/practice-info/our-policies/gp-earnings/\">GP Earnings</a>","#row5c > ul > li:nth-child(9) > a"
"WCAG2AAA.Principle2.Guideline2_4.2_4_9.H30","Check that text of the link describes the purpose of the link.","notice","<a href=\"https://www.broadmeadsurgery.co.uk/practice-info/our-policies/gp2gp/\">GP2GP</a>","#row5c > ul > li:nth-child(10) > a"
"WCAG2AAA.Principle1.Guideline1_4.1_4_6.G17.Fail","This element has insufficient contrast at this conformance level. Expected a contrast ratio of at least 7:1, but text in this element has a contrast ratio of 2.98:1. Recommendation: change text colour to #004859.","error","<a href=\"/practice-info/our-policies/\">View all...</a>","#row5c > a"
"WCAG2AAA.Principle2.Guideline2_4.2_4_9.H30","Check that text of the link describes the purpose of the link.","notice","<a href=\"/practice-info/our-policies/\">View all...</a>","#row5c > a"
"WCAG2AAA.Principle2.Guideline2_4.2_4_9.H30","Check that text of the link describes the purpose of the link.","notice","<a href=\"https://www.broadmeadsurgery.co.uk/accessibility/\">Accessibility</a>","#menu-item-33 > a"
"WCAG2AAA.Principle2.Guideline2_4.2_4_9.H30","Check that text of the link describes the purpose of the link.","notice","<a href=\"https://www.broadmeadsurgery.co.uk/disclaimer/\">Disclaimer</a>","#menu-item-31 > a"
"WCAG2AAA.Principle2.Guideline2_4.2_4_9.H30","Check that text of the link describes the purpose of the link.","notice","<a href=\"https://www.broadmeadsurgery.co.uk/privacy-statement/\">Privacy Statement</a>","#menu-item-30 > a"
"WCAG2AAA.Principle2.Guideline2_4.2_4_9.H30","Check that text of the link describes the purpose of the link.","notice","<a href=\"https://www.broadmeadsurgery.co.uk/site-credits/\">Site Credits</a>","#menu-item-29 > a"
"WCAG2AAA.Principle2.Guideline2_4.2_4_9.H30","Check that text of the link describes the purpose of the link.","notice","<a href=\"https://www.broadmeadsurgery.co.uk/copyright/\">Copyright</a>","#menu-item-32 > a"
"WCAG2AAA.Principle2.Guideline2_4.2_4_9.H30","Check that text of the link describes the purpose of the link.","notice","<a href=\"https://www.broadmeadsurgery.co.uk/sitemap/\">Sitemap</a>","#menu-item-28 > a"
"WCAG2AAA.Principle2.Guideline2_4.2_4_8.H59.1","Link elements can only be located in the head section of the document.","error","<link rel=\"stylesheet\" id=\"sp_autocomplete-css-css\" href=\"https://www.broadmeadsurgery.co.uk/wp-content/plugins/spAutocomplete/css/sp_autocomplete.css?ver=4.8.9\" type=\"text/css\" media=\"all\">","#sp_autocomplete-css-css"
"WCAG2AAA.Principle2.Guideline2_4.2_4_1.H64.2","Check that the title attribute of this element contains text that identifies the frame.","notice","<iframe frameborder=\"0\" class=\"goog-te-menu-frame skiptranslate\" title=\"语言翻译微件\" style=\"visibility: visible; display: none;\"></iframe>","html > body > iframe"