"code","message","type","context","selector"
"WCAG2AAA.Principle2.Guideline2_4.2_4_2.H25.2","Check that the title element describes the document.","notice","<title>\n\tThe Filey Surgery - Informati...</title>","#ctl00_Head1 > title"
"WCAG2AAA.Principle2.Guideline2_4.2_4_8.H59.2b","Link element is missing a non-empty href attribute pointing to the resource being linked.","error","<link id=\"ctl00_pracstyle\" type=\"text/css\" rel=\"stylesheet\">","#ctl00_pracstyle"
"WCAG2AAA.Principle2.Guideline2_4.2_4_8.H59.2b","Link element is missing a non-empty href attribute pointing to the resource being linked.","error","<link id=\"ctl00_tinymce\" type=\"text/css\" rel=\"stylesheet\">","#ctl00_tinymce"
"WCAG2AAA.Principle2.Guideline2_4.2_4_1.H64.1","Iframe element requires a non-empty title attribute that identifies the frame.","error","<iframe id=\":2.container\" class=\"goog-te-banner-frame skiptranslate\" frameborder=\"0\" src=\"javascript:''\" style=\"visibility:visible\"></iframe>","#:2.container"
"WCAG2AAA.Principle3.Guideline3_2.3_2_2.H32.2","This form does not contain a submit button, which creates issues for those who cannot submit the form using the keyboard. Submit buttons are INPUT elements with type attribute \"submit\" or \"image\", or BUTTON elements with type \"submit\" or omitted/invalid.","error","<form method=\"post\" action=\"./\" id=\"aspnetForm\">\n<input type=\"hidden\" name=\"__V...</form>","#aspnetForm"
"WCAG2AAA.Principle3.Guideline3_3.3_3_1.G83,G84,G85","If an input error is automatically detected in this form, check that the item(s) in error are identified and the error(s) are described to the user in text.","notice","<form method=\"post\" action=\"./\" id=\"aspnetForm\">\n<input type=\"hidden\" name=\"__V...</form>","#aspnetForm"
"WCAG2AAA.Principle3.Guideline3_3.3_3_2.G131,G89,G184,H90","Check that descriptive labels or instructions (including for required fields) are provided for user input in this form.","notice","<form method=\"post\" action=\"./\" id=\"aspnetForm\">\n<input type=\"hidden\" name=\"__V...</form>","#aspnetForm"
"WCAG2AAA.Principle3.Guideline3_3.3_3_3.G177","Check that this form provides suggested corrections to errors in user input, unless it would jeopardize the security or purpose of the content.","notice","<form method=\"post\" action=\"./\" id=\"aspnetForm\">\n<input type=\"hidden\" name=\"__V...</form>","#aspnetForm"
"WCAG2AAA.Principle3.Guideline3_3.3_3_5.G71,G184,G193","Check that context-sensitive help is available for this form, at a Web-page and/or control level.","notice","<form method=\"post\" action=\"./\" id=\"aspnetForm\">\n<input type=\"hidden\" name=\"__V...</form>","#aspnetForm"
"WCAG2AAA.Principle3.Guideline3_3.3_3_6.G98,G99,G155,G164,G168.AllForms","Check that submissions to this form are either reversible, checked for input errors, and/or confirmed by the user.","notice","<form method=\"post\" action=\"./\" id=\"aspnetForm\">\n<input type=\"hidden\" name=\"__V...</form>","#aspnetForm"
"WCAG2AAA.Principle3.Guideline3_2.3_2_1.G107","Check that a change of context does not occur when this input field receives focus.","notice","<input type=\"hidden\" name=\"__VIEWSTATE\" id=\"__VIEWSTATE\" value=\"1Qw+WWuj2IYzYy/n8rB4+1wDPnM3FXRlarWucR+jWmj/T7KJX3V1X+V9r+LWordBYhiSNhkRiMOxLjPLrJzsBV+pfev7Kw8vyKr14sd3BNA=\">","#__VIEWSTATE"
"WCAG2AAA.Principle3.Guideline3_2.3_2_1.G107","Check that a change of context does not occur when this input field receives focus.","notice","<input type=\"hidden\" name=\"__VIEWSTATEGENERATOR\" id=\"__VIEWSTATEGENERATOR\" value=\"90059987\">","#__VIEWSTATEGENERATOR"
"WCAG2AAA.Principle3.Guideline3_2.3_2_1.G107","Check that a change of context does not occur when this input field receives focus.","notice","<input type=\"hidden\" name=\"__EVENTVALIDATION\" id=\"__EVENTVALIDATION\" value=\"MvYyINo5M+NfswQIbCL9ZDtJpymR9Ly4Fr5qIrzfePsu/66OWSxVRsdyRxnLTSRh4oOBAcytGfFMpJ/x9HeZnbtHnZjRjDFjhr5VUlGBZx04LpdtiG8EM4YFdz8SbYEUl+MN97DMxpe/9F69O2OgtQ==\">","#__EVENTVALIDATION"
"WCAG2AAA.Principle1.Guideline1_4.1_4_6.G17.BgImage","This element's text is placed on a background image. Ensure the contrast ratio between the text and all covered parts of the image are at least 7:1.","warning","<div class=\"eucookieq\">\n                    This websi...</div>","#ctl00_eucookie > div > div:nth-child(1)"
"WCAG2AAA.Principle3.Guideline3_2.3_2_1.G107","Check that a change of context does not occur when this input field receives focus.","notice","<input type=\"button\" name=\"ctl00$buttonEUCookieYes\" value=\"continue\" onclick=\"javascript:__doPostBack('ctl00$buttonEUCookieYes','')\" id=\"ctl00_buttonEUCookieYes\" accesskey=\"c\" class=\"eucookiego\">","#ctl00_buttonEUCookieYes"
"WCAG2AAA.Principle3.Guideline3_2.3_2_1.G107","Check that a change of context does not occur when this input field receives focus.","notice","<input type=\"button\" name=\"ctl00$buttonEUCookieMore\" value=\"learn more\" onclick=\"javascript:__doPostBack('ctl00$buttonEUCookieMore','')\" id=\"ctl00_buttonEUCookieMore\" class=\"eucookiego\">","#ctl00_buttonEUCookieMore"
"WCAG2AAA.Principle1.Guideline1_4.1_4_6.G18.BgImage","This element's text is placed on a background image. Ensure the contrast ratio between the text and all covered parts of the image are at least 4.5:1.","warning","<a href=\"/index.aspx?pr=B82037\" title=\"The Filey Surgery\">The Filey Surgery</a>","#ctl00_header > div:nth-child(1) > a"
"WCAG2AAA.Principle2.Guideline2_4.2_4_9.H30","Check that text of the link describes the purpose of the link.","notice","<a href=\"/index.aspx?pr=B82037\" title=\"The Filey Surgery\">The Filey Surgery</a>","#ctl00_header > div:nth-child(1) > a"
"WCAG2AAA.Principle1.Guideline1_4.1_4_6.G17.BgImage","This element's text is placed on a background image. Ensure the contrast ratio between the text and all covered parts of the image are at least 7:1.","warning","<div class=\"pracByline\">Tel: 01723 515881</div>","#ctl00_header > div:nth-child(2)"
"WCAG2AAA.Principle1.Guideline1_4.1_4_6.G17.BgImage","This element's text is placed on a background image. Ensure the contrast ratio between the text and all covered parts of the image are at least 7:1.","warning","<a href=\"contact1.aspx?p=B82037\" title=\"Full contact details\">Station Avenue<br>Filey<br>Nort...</a>","#ctl00_addressBox > p > a"
"WCAG2AAA.Principle2.Guideline2_4.2_4_9.H30","Check that text of the link describes the purpose of the link.","notice","<a href=\"contact1.aspx?p=B82037\" title=\"Full contact details\">Station Avenue<br>Filey<br>Nort...</a>","#ctl00_addressBox > p > a"
"WCAG2AAA.Principle1.Guideline1_4.1_4_6.G17.BgImage","This element's text is placed on a background image. Ensure the contrast ratio between the text and all covered parts of the image are at least 7:1.","warning","<b>Tel: 01723 515666</b>","#ctl00_addressBox > p > a > b"
"WCAG2AAA.Principle1.Guideline1_1.1_1_1.H37","Img element missing an alt attribute. Use the alt attribute to specify a short text alternative.","error","<img src=\"/website/B82037/header/home_pics/slide1.jpg\" class=\"slide\" id=\"slide\">","#slide"
"WCAG2AAA.Principle1.Guideline1_1.1_1_1.G73,G74","If this image cannot be fully described in a short text alternative, ensure a long text alternative is also available, such as in the body text or through a link.","notice","<img src=\"/website/B82037/header/home_pics/slide1.jpg\" class=\"slide\" id=\"slide\">","#slide"
"WCAG2AAA.Principle1.Guideline1_4.1_4_6.G17.BgImage","This element's text is placed on a background image. Ensure the contrast ratio between the text and all covered parts of the image are at least 7:1.","warning","<a class=\"selected\" tabindex=\"23\" href=\"/index.aspx\" title=\"Information about the doctors surgery opening hours, appointments, online prescriptions, health information and much more\">Home</a>","#menuItem1331 > a"
"WCAG2AAA.Principle2.Guideline2_4.2_4_9.H30","Check that text of the link describes the purpose of the link.","notice","<a class=\"selected\" tabindex=\"23\" href=\"/index.aspx\" title=\"Information about the doctors surgery opening hours, appointments, online prescriptions, health information and much more\">Home</a>","#menuItem1331 > a"
"WCAG2AAA.Principle1.Guideline1_4.1_4_6.G17.BgImage","This element's text is placed on a background image. Ensure the contrast ratio between the text and all covered parts of the image are at least 7:1.","warning","<a tabindex=\"24\" href=\"/opening-times.aspx\">Opening Times</a>","#menuItem1332 > a"
"WCAG2AAA.Principle2.Guideline2_4.2_4_9.H30","Check that text of the link describes the purpose of the link.","notice","<a tabindex=\"24\" href=\"/opening-times.aspx\">Opening Times</a>","#menuItem1332 > a"
"WCAG2AAA.Principle2.Guideline2_4.2_4_9.H30","Check that text of the link describes the purpose of the link.","notice","<a href=\"opening-times.aspx?t=1\">Opening Times</a>","#menuItem1332 > ul > li:nth-child(1) > a"
"WCAG2AAA.Principle2.Guideline2_4.2_4_9.H30","Check that text of the link describes the purpose of the link.","notice","<a href=\"opening-times.aspx?t=2\">Consultation Times</a>","#menuItem1332 > ul > li:nth-child(2) > a"
"WCAG2AAA.Principle2.Guideline2_4.2_4_9.H30","Check that text of the link describes the purpose of the link.","notice","<a href=\"opening-times.aspx?t=3\">Nurse Clinic Times</a>","#menuItem1332 > ul > li:nth-child(3) > a"
"WCAG2AAA.Principle2.Guideline2_4.2_4_9.H30","Check that text of the link describes the purpose of the link.","notice","<a href=\"opening-times.aspx?t=4\">When We Are Closed</a>","#menuItem1332 > ul > li:nth-child(4) > a"
"WCAG2AAA.Principle1.Guideline1_4.1_4_6.G17.BgImage","This element's text is placed on a background image. Ensure the contrast ratio between the text and all covered parts of the image are at least 7:1.","warning","<a tabindex=\"25\" href=\"/making-appointments.aspx\">Appointments</a>","#menuItem1333 > a"
"WCAG2AAA.Principle2.Guideline2_4.2_4_9.H30","Check that text of the link describes the purpose of the link.","notice","<a tabindex=\"25\" href=\"/making-appointments.aspx\">Appointments</a>","#menuItem1333 > a"
"WCAG2AAA.Principle2.Guideline2_4.2_4_9.H30","Check that text of the link describes the purpose of the link.","notice","<a href=\"making-appointments.aspx?t=1\">Appointments</a>","#menuItem1333 > ul > li:nth-child(1) > a"
"WCAG2AAA.Principle2.Guideline2_4.2_4_9.H30","Check that text of the link describes the purpose of the link.","notice","<a href=\"making-appointments.aspx?t=2\">Online Session Type</a>","#menuItem1333 > ul > li:nth-child(2) > a"
"WCAG2AAA.Principle2.Guideline2_4.2_4_9.H30","Check that text of the link describes the purpose of the link.","notice","<a href=\"making-appointments.aspx?t=3\">Home Visits</a>","#menuItem1333 > ul > li:nth-child(3) > a"
"WCAG2AAA.Principle2.Guideline2_4.2_4_9.H30","Check that text of the link describes the purpose of the link.","notice","<a href=\"making-appointments.aspx?t=4\">GP Training</a>","#menuItem1333 > ul > li:nth-child(4) > a"
"WCAG2AAA.Principle1.Guideline1_4.1_4_6.G17.BgImage","This element's text is placed on a background image. Ensure the contrast ratio between the text and all covered parts of the image are at least 7:1.","warning","<a tabindex=\"26\" href=\"/prescriptions.aspx\">Prescriptions</a>","#menuItem1334 > a"
"WCAG2AAA.Principle2.Guideline2_4.2_4_9.H30","Check that text of the link describes the purpose of the link.","notice","<a tabindex=\"26\" href=\"/prescriptions.aspx\">Prescriptions</a>","#menuItem1334 > a"
"WCAG2AAA.Principle2.Guideline2_4.2_4_9.H30","Check that text of the link describes the purpose of the link.","notice","<a href=\"prescriptions.aspx?t=1\">Repeat Prescriptions</a>","#menuItem1334 > ul > li:nth-child(1) > a"
"WCAG2AAA.Principle2.Guideline2_4.2_4_9.H30","Check that text of the link describes the purpose of the link.","notice","<a href=\"prescriptions.aspx?t=2\">Prescriptions Fees</a>","#menuItem1334 > ul > li:nth-child(2) > a"
"WCAG2AAA.Principle1.Guideline1_4.1_4_6.G17.BgImage","This element's text is placed on a background image. Ensure the contrast ratio between the text and all covered parts of the image are at least 7:1.","warning","<a tabindex=\"27\" href=\"/clinics-and-services.aspx\">Clinics &amp; Services</a>","#menuItem1335 > a"
"WCAG2AAA.Principle2.Guideline2_4.2_4_9.H30","Check that text of the link describes the purpose of the link.","notice","<a tabindex=\"27\" href=\"/clinics-and-services.aspx\">Clinics &amp; Services</a>","#menuItem1335 > a"
"WCAG2AAA.Principle2.Guideline2_4.2_4_9.H30","Check that text of the link describes the purpose of the link.","notice","<a href=\"clinics-and-services.aspx?t=1\">Clinics &amp; Services</a>","#menuItem1335 > ul > li:nth-child(1) > a"
"WCAG2AAA.Principle2.Guideline2_4.2_4_9.H30","Check that text of the link describes the purpose of the link.","notice","<a href=\"clinics-and-services.aspx?t=2\">Attached Services</a>","#menuItem1335 > ul > li:nth-child(2) > a"
"WCAG2AAA.Principle2.Guideline2_4.2_4_9.H30","Check that text of the link describes the purpose of the link.","notice","<a href=\"clinics-and-services.aspx?t=3\">Travel Vaccinations</a>","#menuItem1335 > ul > li:nth-child(3) > a"
"WCAG2AAA.Principle1.Guideline1_4.1_4_6.G17.BgImage","This element's text is placed on a background image. Ensure the contrast ratio between the text and all covered parts of the image are at least 7:1.","warning","<a tabindex=\"28\" href=\"/tests-and-results.aspx\">Tests &amp; Results</a>","#menuItem1336 > a"
"WCAG2AAA.Principle2.Guideline2_4.2_4_9.H30","Check that text of the link describes the purpose of the link.","notice","<a tabindex=\"28\" href=\"/tests-and-results.aspx\">Tests &amp; Results</a>","#menuItem1336 > a"
"WCAG2AAA.Principle2.Guideline2_4.2_4_9.H30","Check that text of the link describes the purpose of the link.","notice","<a href=\"tests-and-results.aspx?t=1\">Test Results</a>","#menuItem1336 > ul > li:nth-child(1) > a"
"WCAG2AAA.Principle2.Guideline2_4.2_4_9.H30","Check that text of the link describes the purpose of the link.","notice","<a href=\"tests-and-results.aspx?t=2\">Blood Tests</a>","#menuItem1336 > ul > li:nth-child(2) > a"
"WCAG2AAA.Principle2.Guideline2_4.2_4_9.H30","Check that text of the link describes the purpose of the link.","notice","<a href=\"tests-and-results.aspx?t=3\">X-Ray</a>","#menuItem1336 > ul > li:nth-child(3) > a"
"WCAG2AAA.Principle1.Guideline1_4.1_4_6.G17.BgImage","This element's text is placed on a background image. Ensure the contrast ratio between the text and all covered parts of the image are at least 7:1.","warning","<a tabindex=\"29\" href=\"/new-patients.aspx\">Registrations</a>","#menuItem1337 > a"
"WCAG2AAA.Principle2.Guideline2_4.2_4_9.H30","Check that text of the link describes the purpose of the link.","notice","<a tabindex=\"29\" href=\"/new-patients.aspx\">Registrations</a>","#menuItem1337 > a"
"WCAG2AAA.Principle2.Guideline2_4.2_4_9.H30","Check that text of the link describes the purpose of the link.","notice","<a href=\"new-patients.aspx?t=1\">Registration</a>","#menuItem1337 > ul > li:nth-child(1) > a"
"WCAG2AAA.Principle2.Guideline2_4.2_4_9.H30","Check that text of the link describes the purpose of the link.","notice","<a href=\"new-patients.aspx?t=2\">Temporary Residents</a>","#menuItem1337 > ul > li:nth-child(2) > a"
"WCAG2AAA.Principle2.Guideline2_4.2_4_9.H30","Check that text of the link describes the purpose of the link.","notice","<a href=\"new-patients.aspx?t=3\">Non-English Speakers</a>","#menuItem1337 > ul > li:nth-child(3) > a"
"WCAG2AAA.Principle2.Guideline2_4.2_4_9.H30","Check that text of the link describes the purpose of the link.","notice","<a href=\"/new-patients.aspx?t=10\">Practice Boundary</a>","#menuItem1337 > ul > li:nth-child(4) > a"
"WCAG2AAA.Principle1.Guideline1_4.1_4_6.G17.BgImage","This element's text is placed on a background image. Ensure the contrast ratio between the text and all covered parts of the image are at least 7:1.","warning","<a tabindex=\"30\" href=\"/staff1.aspx\">Practice Staff</a>","#menuItem1338 > a"
"WCAG2AAA.Principle2.Guideline2_4.2_4_9.H30","Check that text of the link describes the purpose of the link.","notice","<a tabindex=\"30\" href=\"/staff1.aspx\">Practice Staff</a>","#menuItem1338 > a"
"WCAG2AAA.Principle2.Guideline2_4.2_4_9.H30","Check that text of the link describes the purpose of the link.","notice","<a href=\"staff1.aspx?t=1\">Doctors</a>","#menuItem1338 > ul > li:nth-child(1) > a"
"WCAG2AAA.Principle2.Guideline2_4.2_4_9.H30","Check that text of the link describes the purpose of the link.","notice","<a href=\"staff1.aspx?t=2\">Nursing Team</a>","#menuItem1338 > ul > li:nth-child(2) > a"
"WCAG2AAA.Principle2.Guideline2_4.2_4_9.H30","Check that text of the link describes the purpose of the link.","notice","<a href=\"staff1.aspx?t=3\">Practice Team</a>","#menuItem1338 > ul > li:nth-child(3) > a"
"WCAG2AAA.Principle2.Guideline2_4.2_4_9.H30","Check that text of the link describes the purpose of the link.","notice","<a href=\"staff1.aspx?t=4\">Healthcare Team</a>","#menuItem1338 > ul > li:nth-child(4) > a"
"WCAG2AAA.Principle2.Guideline2_4.2_4_9.H30","Check that text of the link describes the purpose of the link.","notice","<a href=\"staff1.aspx?t=5\">Dispensers</a>","#menuItem1338 > ul > li:nth-child(5) > a"
"WCAG2AAA.Principle1.Guideline1_4.1_4_6.G17.BgImage","This element's text is placed on a background image. Ensure the contrast ratio between the text and all covered parts of the image are at least 7:1.","warning","<a tabindex=\"31\" href=\"/contact1.aspx\" title=\"The surgery address and telephone numbers\">Contact Details</a>","#menuItem1339 > a"
"WCAG2AAA.Principle2.Guideline2_4.2_4_9.H30","Check that text of the link describes the purpose of the link.","notice","<a tabindex=\"31\" href=\"/contact1.aspx\" title=\"The surgery address and telephone numbers\">Contact Details</a>","#menuItem1339 > a"
"WCAG2AAA.Principle1.Guideline1_3.1_3_1_AAA.G141","The heading structure is not logically nested. This h2 element appears to be the primary document heading, so should be an h1 element.","error","<h2><strong><span style=\"color: #00...</h2>","#ctl00_ContentPlaceHolder1_field1 > h2:nth-child(1)"
"WCAG2AAA.Principle1.Guideline1_4.1_4_3_F24.F24.FGColour","Check that this element has an inherited background colour or image to complement the corresponding inline foreground colour.","warning","<span style=\"color: #0077ab;\">Welcome to The Filey Surgery</span>","#ctl00_ContentPlaceHolder1_field1 > h2:nth-child(1) > strong > span"
"WCAG2AAA.Principle1.Guideline1_4.1_4_6.G17.BgImage","This element's text is placed on a background image. Ensure the contrast ratio between the text and all covered parts of the image are at least 7:1.","warning","<span style=\"color: #0077ab;\">Welcome to The Filey Surgery</span>","#ctl00_ContentPlaceHolder1_field1 > h2:nth-child(1) > strong > span"
"WCAG2AAA.Principle1.Guideline1_4.1_4_3_F24.F24.FGColour","Check that this element has an inherited background colour or image to complement the corresponding inline foreground colour.","warning","<span style=\"color: #404040;\">The&nbsp;Filey Surgery&nbsp;aim...</span>","#ctl00_ContentPlaceHolder1_field1 > p:nth-child(2) > span"
"WCAG2AAA.Principle1.Guideline1_4.1_4_6.G17.BgImage","This element's text is placed on a background image. Ensure the contrast ratio between the text and all covered parts of the image are at least 7:1.","warning","<span style=\"color: #404040;\">The&nbsp;Filey Surgery&nbsp;aim...</span>","#ctl00_ContentPlaceHolder1_field1 > p:nth-child(2) > span"
"WCAG2AAA.Principle1.Guideline1_4.1_4_3_F24.F24.FGColour","Check that this element has an inherited background colour or image to complement the corresponding inline foreground colour.","warning","<span style=\"color: #404040;\"><span style=\"color: #404040;\"><...</span>","#ctl00_ContentPlaceHolder1_field1 > h2:nth-child(3) > span"
"WCAG2AAA.Principle1.Guideline1_4.1_4_3_F24.F24.FGColour","Check that this element has an inherited background colour or image to complement the corresponding inline foreground colour.","warning","<span style=\"color: #404040;\"><span style=\"color: #404040;\"><...</span>","#ctl00_ContentPlaceHolder1_field1 > h2:nth-child(3) > span > span"
"WCAG2AAA.Principle1.Guideline1_4.1_4_3_F24.F24.FGColour","Check that this element has an inherited background colour or image to complement the corresponding inline foreground colour.","warning","<span style=\"color: #404040;\"></span>","#ctl00_ContentPlaceHolder1_field1 > h2:nth-child(3) > span > span > span:nth-child(1)"
"WCAG2AAA.Principle1.Guideline1_4.1_4_3_F24.F24.FGColour","Check that this element has an inherited background colour or image to complement the corresponding inline foreground colour.","warning","<span style=\"color: #404040;\"><span style=\"color: #0077ab;\">N...</span>","#ctl00_ContentPlaceHolder1_field1 > h2:nth-child(3) > span > span > span:nth-child(2)"
"WCAG2AAA.Principle1.Guideline1_4.1_4_3_F24.F24.FGColour","Check that this element has an inherited background colour or image to complement the corresponding inline foreground colour.","warning","<span style=\"color: #0077ab;\">Named Accountable GP</span>","#ctl00_ContentPlaceHolder1_field1 > h2:nth-child(3) > span > span > span:nth-child(2) > span"
"WCAG2AAA.Principle1.Guideline1_4.1_4_6.G17.BgImage","This element's text is placed on a background image. Ensure the contrast ratio between the text and all covered parts of the image are at least 7:1.","warning","<span style=\"color: #0077ab;\">Named Accountable GP</span>","#ctl00_ContentPlaceHolder1_field1 > h2:nth-child(3) > span > span > span:nth-child(2) > span"
"WCAG2AAA.Principle1.Guideline1_4.1_4_3_F24.F24.FGColour","Check that this element has an inherited background colour or image to complement the corresponding inline foreground colour.","warning","<span style=\"color: #505050; line-height: 140%; font-family: 'Arial','sans-serif'; font-size: 10pt;\">GP practices are required to pr...</span>","#ctl00_ContentPlaceHolder1_field1 > p:nth-child(4) > span"
"WCAG2AAA.Principle1.Guideline1_4.1_4_6.G17.BgImage","This element's text is placed on a background image. Ensure the contrast ratio between the text and all covered parts of the image are at least 7:1.","warning","<span style=\"color: #505050; line-height: 140%; font-family: 'Arial','sans-serif'; font-size: 10pt;\">GP practices are required to pr...</span>","#ctl00_ContentPlaceHolder1_field1 > p:nth-child(4) > span"
"WCAG2AAA.Principle1.Guideline1_4.1_4_3_F24.F24.FGColour","Check that this element has an inherited background colour or image to complement the corresponding inline foreground colour.","warning","<span style=\"color: #0077ab;\">Registering for Online Services</span>","#ctl00_ContentPlaceHolder1_field1 > h2:nth-child(5) > strong > span:nth-child(1)"
"WCAG2AAA.Principle1.Guideline1_4.1_4_6.G17.BgImage","This element's text is placed on a background image. Ensure the contrast ratio between the text and all covered parts of the image are at least 7:1.","warning","<span style=\"color: #0077ab;\">Registering for Online Services</span>","#ctl00_ContentPlaceHolder1_field1 > h2:nth-child(5) > strong > span:nth-child(1)"
"WCAG2AAA.Principle1.Guideline1_4.1_4_3_F24.F24.FGColour","Check that this element has an inherited background colour or image to complement the corresponding inline foreground colour.","warning","<span style=\"color: #505050; line-height: 140%; font-family: 'Arial','sans-serif'; font-size: 10pt;\"><span style=\"color: #505050; li...</span>","#ctl00_ContentPlaceHolder1_field1 > h2:nth-child(5) > strong > span:nth-child(2)"
"WCAG2AAA.Principle1.Guideline1_4.1_4_3_F24.F24.FGColour","Check that this element has an inherited background colour or image to complement the corresponding inline foreground colour.","warning","<span style=\"color: #505050; line-height: 140%; font-family: 'Arial','sans-serif'; font-size: 10pt;\"><span style=\"color: #505050; li...</span>","#ctl00_ContentPlaceHolder1_field1 > h2:nth-child(5) > strong > span:nth-child(2) > span"
"WCAG2AAA.Principle1.Guideline1_4.1_4_3_F24.F24.FGColour","Check that this element has an inherited background colour or image to complement the corresponding inline foreground colour.","warning","<span style=\"color: #505050; line-height: 140%; font-family: 'Arial','sans-serif'; font-size: 10pt;\"><strong><span style=\"color: #00...</span>","#ctl00_ContentPlaceHolder1_field1 > h2:nth-child(5) > strong > span:nth-child(2) > span > span"
"WCAG2AAA.Principle1.Guideline1_4.1_4_3_F24.F24.FGColour","Check that this element has an inherited background colour or image to complement the corresponding inline foreground colour.","warning","<span style=\"color: #0077ab;\"><strong><span style=\"color: #50...</span>","#ctl00_ContentPlaceHolder1_field1 > h2:nth-child(5) > strong > span:nth-child(2) > span > span > strong > span"
"WCAG2AAA.Principle1.Guideline1_4.1_4_3_F24.F24.FGColour","Check that this element has an inherited background colour or image to complement the corresponding inline foreground colour.","warning","<span style=\"color: #505050; line-height: 140%; font-family: 'Arial','sans-serif'; font-size: 10pt;\"><span style=\"color: #505050; li...</span>","#ctl00_ContentPlaceHolder1_field1 > h2:nth-child(5) > strong > span:nth-child(2) > span > span > strong > span > strong > span"
"WCAG2AAA.Principle1.Guideline1_4.1_4_3_F24.F24.FGColour","Check that this element has an inherited background colour or image to complement the corresponding inline foreground colour.","warning","<span style=\"color: #505050; line-height: 140%; font-family: 'Arial','sans-serif'; font-size: 10pt;\"><span style=\"color: #0077ab;\"><...</span>","#ctl00_ContentPlaceHolder1_field1 > h2:nth-child(5) > strong > span:nth-child(2) > span > span > strong > span > strong > span > span"
"WCAG2AAA.Principle1.Guideline1_4.1_4_3_F24.F24.FGColour","Check that this element has an inherited background colour or image to complement the corresponding inline foreground colour.","warning","<span style=\"color: #0077ab;\"><span style=\"color: #505050; li...</span>","#ctl00_ContentPlaceHolder1_field1 > h2:nth-child(5) > strong > span:nth-child(2) > span > span > strong > span > strong > span > span > span"
"WCAG2AAA.Principle1.Guideline1_4.1_4_3_F24.F24.FGColour","Check that this element has an inherited background colour or image to complement the corresponding inline foreground colour.","warning","<span style=\"color: #505050; line-height: 140%; font-family: 'Arial','sans-serif'; font-size: 10pt;\"><span style=\"color: #505050; li...</span>","#ctl00_ContentPlaceHolder1_field1 > h2:nth-child(5) > strong > span:nth-child(2) > span > span > strong > span > strong > span > span > span > span"
"WCAG2AAA.Principle1.Guideline1_4.1_4_3_F24.F24.FGColour","Check that this element has an inherited background colour or image to complement the corresponding inline foreground colour.","warning","<span style=\"color: #505050; line-height: 140%; font-family: 'Arial','sans-serif'; font-size: 10pt;\"><span style=\"color: #0077ab;\"><...</span>","#ctl00_ContentPlaceHolder1_field1 > h2:nth-child(5) > strong > span:nth-child(2) > span > span > strong > span > strong > span > span > span > span > span"
"WCAG2AAA.Principle1.Guideline1_4.1_4_3_F24.F24.FGColour","Check that this element has an inherited background colour or image to complement the corresponding inline foreground colour.","warning","<span style=\"color: #0077ab;\"><span style=\"color: #505050; li...</span>","#ctl00_ContentPlaceHolder1_field1 > h2:nth-child(5) > strong > span:nth-child(2) > span > span > strong > span > strong > span > span > span > span > span > span"
"WCAG2AAA.Principle1.Guideline1_4.1_4_3_F24.F24.FGColour","Check that this element has an inherited background colour or image to complement the corresponding inline foreground colour.","warning","<span style=\"color: #505050; line-height: 140%; font-family: 'Arial','sans-serif'; font-size: 10pt;\"><span style=\"color: #505050; li...</span>","#ctl00_ContentPlaceHolder1_field1 > h2:nth-child(5) > strong > span:nth-child(2) > span > span > strong > span > strong > span > span > span > span > span > span > span"
"WCAG2AAA.Principle1.Guideline1_4.1_4_3_F24.F24.FGColour","Check that this element has an inherited background colour or image to complement the corresponding inline foreground colour.","warning","<span style=\"color: #505050; line-height: 140%; font-family: 'Arial','sans-serif'; font-size: 10pt;\"><span style=\"color: #505050; li...</span>","#ctl00_ContentPlaceHolder1_field1 > h2:nth-child(5) > strong > span:nth-child(2) > span > span > strong > span > strong > span > span > span > span > span > span > span > span"
"WCAG2AAA.Principle1.Guideline1_4.1_4_3_F24.F24.FGColour","Check that this element has an inherited background colour or image to complement the corresponding inline foreground colour.","warning","<span style=\"color: #505050; line-height: 140%; font-family: 'Arial','sans-serif'; font-size: 10pt;\"><strong><span style=\"color: #00...</span>","#ctl00_ContentPlaceHolder1_field1 > h2:nth-child(5) > strong > span:nth-child(2) > span > span > strong > span > strong > span > span > span > span > span > span > span > span > span"
"WCAG2AAA.Principle1.Guideline1_4.1_4_3_F24.F24.FGColour","Check that this element has an inherited background colour or image to complement the corresponding inline foreground colour.","warning","<span style=\"color: #0077ab;\"><strong><span style=\"color: #50...</span>","#ctl00_ContentPlaceHolder1_field1 > h2:nth-child(5) > strong > span:nth-child(2) > span > span > strong > span > strong > span > span > span > span > span > span > span > span > span > strong > span"
"WCAG2AAA.Principle1.Guideline1_4.1_4_3_F24.F24.FGColour","Check that this element has an inherited background colour or image to complement the corresponding inline foreground colour.","warning","<span style=\"color: #505050; line-height: 140%; font-family: 'Arial','sans-serif'; font-size: 10pt;\"><span style=\"color: #505050; li...</span>","#ctl00_ContentPlaceHolder1_field1 > h2:nth-child(5) > strong > span:nth-child(2) > span > span > strong > span > strong > span > span > span > span > span > span > span > span > span > strong > span > strong > span"
"WCAG2AAA.Principle1.Guideline1_4.1_4_3_F24.F24.FGColour","Check that this element has an inherited background colour or image to complement the corresponding inline foreground colour.","warning","<span style=\"color: #505050; line-height: 140%; font-family: 'Arial','sans-serif'; font-size: 10pt;\"><span style=\"color: #0077ab;\"><...</span>","#ctl00_ContentPlaceHolder1_field1 > h2:nth-child(5) > strong > span:nth-child(2) > span > span > strong > span > strong > span > span > span > span > span > span > span > span > span > strong > span > strong > span > span"
"WCAG2AAA.Principle1.Guideline1_4.1_4_3_F24.F24.FGColour","Check that this element has an inherited background colour or image to complement the corresponding inline foreground colour.","warning","<span style=\"color: #0077ab;\"><span style=\"color: #505050; li...</span>","#ctl00_ContentPlaceHolder1_field1 > h2:nth-child(5) > strong > span:nth-child(2) > span > span > strong > span > strong > span > span > span > span > span > span > span > span > span > strong > span > strong > span > span > span"
"WCAG2AAA.Principle1.Guideline1_4.1_4_3_F24.F24.FGColour","Check that this element has an inherited background colour or image to complement the corresponding inline foreground colour.","warning","<span style=\"color: #505050; line-height: 140%; font-family: 'Arial','sans-serif'; font-size: 10pt;\"><span style=\"color: #505050; li...</span>","#ctl00_ContentPlaceHolder1_field1 > h2:nth-child(5) > strong > span:nth-child(2) > span > span > strong > span > strong > span > span > span > span > span > span > span > span > span > strong > span > strong > span > span > span > span"
"WCAG2AAA.Principle1.Guideline1_4.1_4_3_F24.F24.FGColour","Check that this element has an inherited background colour or image to complement the corresponding inline foreground colour.","warning","<span style=\"color: #505050; line-height: 140%; font-family: 'Arial','sans-serif'; font-size: 10pt;\"><span style=\"color: #0077ab;\"><...</span>","#ctl00_ContentPlaceHolder1_field1 > h2:nth-child(5) > strong > span:nth-child(2) > span > span > strong > span > strong > span > span > span > span > span > span > span > span > span > strong > span > strong > span > span > span > span > span"
"WCAG2AAA.Principle1.Guideline1_4.1_4_3_F24.F24.FGColour","Check that this element has an inherited background colour or image to complement the corresponding inline foreground colour.","warning","<span style=\"color: #0077ab;\"><strong><span style=\"color: #50...</span>","#ctl00_ContentPlaceHolder1_field1 > h2:nth-child(5) > strong > span:nth-child(2) > span > span > strong > span > strong > span > span > span > span > span > span > span > span > span > strong > span > strong > span > span > span > span > span > span"
"WCAG2AAA.Principle1.Guideline1_4.1_4_3_F24.F24.FGColour","Check that this element has an inherited background colour or image to complement the corresponding inline foreground colour.","warning","<span style=\"color: #505050; line-height: 140%; font-family: 'Arial','sans-serif'; font-size: 10pt;\"><span style=\"color: #505050; li...</span>","#ctl00_ContentPlaceHolder1_field1 > h2:nth-child(5) > strong > span:nth-child(2) > span > span > strong > span > strong > span > span > span > span > span > span > span > span > span > strong > span > strong > span > span > span > span > span > span > strong > span"
"WCAG2AAA.Principle1.Guideline1_4.1_4_3_F24.F24.FGColour","Check that this element has an inherited background colour or image to complement the corresponding inline foreground colour.","warning","<span style=\"color: #505050; line-height: 140%; font-family: 'Arial','sans-serif'; font-size: 10pt;\"><span style=\"color: #0077ab;\"><...</span>","#ctl00_ContentPlaceHolder1_field1 > h2:nth-child(5) > strong > span:nth-child(2) > span > span > strong > span > strong > span > span > span > span > span > span > span > span > span > strong > span > strong > span > span > span > span > span > span > strong > span > span"
"WCAG2AAA.Principle1.Guideline1_4.1_4_3_F24.F24.FGColour","Check that this element has an inherited background colour or image to complement the corresponding inline foreground colour.","warning","<span style=\"color: #0077ab;\"><span style=\"color: #505050; li...</span>","#ctl00_ContentPlaceHolder1_field1 > h2:nth-child(5) > strong > span:nth-child(2) > span > span > strong > span > strong > span > span > span > span > span > span > span > span > span > strong > span > strong > span > span > span > span > span > span > strong > span > span > span"
"WCAG2AAA.Principle1.Guideline1_4.1_4_3_F24.F24.FGColour","Check that this element has an inherited background colour or image to complement the corresponding inline foreground colour.","warning","<span style=\"color: #505050; line-height: 140%; font-family: 'Arial','sans-serif'; font-size: 10pt;\"><span style=\"color: #505050; li...</span>","#ctl00_ContentPlaceHolder1_field1 > h2:nth-child(5) > strong > span:nth-child(2) > span > span > strong > span > strong > span > span > span > span > span > span > span > span > span > strong > span > strong > span > span > span > span > span > span > strong > span > span > span > span"
"WCAG2AAA.Principle1.Guideline1_4.1_4_3_F24.F24.FGColour","Check that this element has an inherited background colour or image to complement the corresponding inline foreground colour.","warning","<span style=\"color: #505050; line-height: 140%; font-family: 'Arial','sans-serif'; font-size: 10pt;\"><span style=\"color: #0077ab;\"><...</span>","#ctl00_ContentPlaceHolder1_field1 > h2:nth-child(5) > strong > span:nth-child(2) > span > span > strong > span > strong > span > span > span > span > span > span > span > span > span > strong > span > strong > span > span > span > span > span > span > strong > span > span > span > span > span"
"WCAG2AAA.Principle1.Guideline1_4.1_4_3_F24.F24.FGColour","Check that this element has an inherited background colour or image to complement the corresponding inline foreground colour.","warning","<span style=\"color: #0077ab;\"><strong><span style=\"color: #50...</span>","#ctl00_ContentPlaceHolder1_field1 > h2:nth-child(5) > strong > span:nth-child(2) > span > span > strong > span > strong > span > span > span > span > span > span > span > span > span > strong > span > strong > span > span > span > span > span > span > strong > span > span > span > span > span > span"
"WCAG2AAA.Principle1.Guideline1_4.1_4_3_F24.F24.FGColour","Check that this element has an inherited background colour or image to complement the corresponding inline foreground colour.","warning","<span style=\"color: #505050; line-height: 140%; font-family: 'Arial','sans-serif'; font-size: 10pt;\"><span style=\"color: #505050; li...</span>","#ctl00_ContentPlaceHolder1_field1 > h2:nth-child(5) > strong > span:nth-child(2) > span > span > strong > span > strong > span > span > span > span > span > span > span > span > span > strong > span > strong > span > span > span > span > span > span > strong > span > span > span > span > span > span > strong > span"
"WCAG2AAA.Principle1.Guideline1_4.1_4_3_F24.F24.FGColour","Check that this element has an inherited background colour or image to complement the corresponding inline foreground colour.","warning","<span style=\"color: #505050; line-height: 140%; font-family: 'Arial','sans-serif'; font-size: 10pt;\"><span style=\"color: #0077ab;\"><...</span>","#ctl00_ContentPlaceHolder1_field1 > h2:nth-child(5) > strong > span:nth-child(2) > span > span > strong > span > strong > span > span > span > span > span > span > span > span > span > strong > span > strong > span > span > span > span > span > span > strong > span > span > span > span > span > span > strong > span > span"
"WCAG2AAA.Principle1.Guideline1_4.1_4_3_F24.F24.FGColour","Check that this element has an inherited background colour or image to complement the corresponding inline foreground colour.","warning","<span style=\"color: #0077ab;\"><span style=\"color: #505050; li...</span>","#ctl00_ContentPlaceHolder1_field1 > h2:nth-child(5) > strong > span:nth-child(2) > span > span > strong > span > strong > span > span > span > span > span > span > span > span > span > strong > span > strong > span > span > span > span > span > span > strong > span > span > span > span > span > span > strong > span > span > span"
"WCAG2AAA.Principle1.Guideline1_4.1_4_3_F24.F24.FGColour","Check that this element has an inherited background colour or image to complement the corresponding inline foreground colour.","warning","<span style=\"color: #505050; line-height: 140%; font-family: 'Arial','sans-serif'; font-size: 10pt;\"><span style=\"color: #505050; li...</span>","#ctl00_ContentPlaceHolder1_field1 > h2:nth-child(5) > strong > span:nth-child(2) > span > span > strong > span > strong > span > span > span > span > span > span > span > span > span > strong > span > strong > span > span > span > span > span > span > strong > span > span > span > span > span > span > strong > span > span > span > span"
"WCAG2AAA.Principle1.Guideline1_4.1_4_3_F24.F24.FGColour","Check that this element has an inherited background colour or image to complement the corresponding inline foreground colour.","warning","<span style=\"color: #505050; line-height: 140%; font-family: 'Arial','sans-serif'; font-size: 10pt;\"><span style=\"color: #0077ab;\"><...</span>","#ctl00_ContentPlaceHolder1_field1 > h2:nth-child(5) > strong > span:nth-child(2) > span > span > strong > span > strong > span > span > span > span > span > span > span > span > span > strong > span > strong > span > span > span > span > span > span > strong > span > span > span > span > span > span > strong > span > span > span > span > span"
"WCAG2AAA.Principle1.Guideline1_4.1_4_3_F24.F24.FGColour","Check that this element has an inherited background colour or image to complement the corresponding inline foreground colour.","warning","<span style=\"color: #0077ab;\"></span>","#ctl00_ContentPlaceHolder1_field1 > h2:nth-child(5) > strong > span:nth-child(2) > span > span > strong > span > strong > span > span > span > span > span > span > span > span > span > strong > span > strong > span > span > span > span > span > span > strong > span > span > span > span > span > span > strong > span > span > span > span > span > span"
"WCAG2AAA.Principle1.Guideline1_4.1_4_3_F24.F24.FGColour","Check that this element has an inherited background colour or image to complement the corresponding inline foreground colour.","warning","<span style=\"color: #404040; line-height: 140%; font-family: 'Arial','sans-serif'; font-size: 10pt;\">If you wish to register for the...</span>","#ctl00_ContentPlaceHolder1_field1 > p:nth-child(6) > span"
"WCAG2AAA.Principle1.Guideline1_4.1_4_6.G17.BgImage","This element's text is placed on a background image. Ensure the contrast ratio between the text and all covered parts of the image are at least 7:1.","warning","<span style=\"color: #404040; line-height: 140%; font-family: 'Arial','sans-serif'; font-size: 10pt;\">If you wish to register for the...</span>","#ctl00_ContentPlaceHolder1_field1 > p:nth-child(6) > span"
"WCAG2AAA.Principle1.Guideline1_4.1_4_3_F24.F24.FGColour","Check that this element has an inherited background colour or image to complement the corresponding inline foreground colour.","warning","<span style=\"color: #404040;\"><strong><br></strong></span>","#ctl00_ContentPlaceHolder1_field1 > p:nth-child(6) > span > span"
"WCAG2AAA.Principle1.Guideline1_4.1_4_3_F24.F24.FGColour","Check that this element has an inherited background colour or image to complement the corresponding inline foreground colour.","warning","<span style=\"color: #0077ab;\">Book Your Appointment Online</span>","#ctl00_ContentPlaceHolder1_field1 > h2:nth-child(7) > strong > span"
"WCAG2AAA.Principle1.Guideline1_4.1_4_6.G17.BgImage","This element's text is placed on a background image. Ensure the contrast ratio between the text and all covered parts of the image are at least 7:1.","warning","<span style=\"color: #0077ab;\">Book Your Appointment Online</span>","#ctl00_ContentPlaceHolder1_field1 > h2:nth-child(7) > strong > span"
"WCAG2AAA.Principle1.Guideline1_4.1_4_3_F24.F24.FGColour","Check that this element has an inherited background colour or image to complement the corresponding inline foreground colour.","warning","<span style=\"color: #404040;\">We now offer online booking for...</span>","#ctl00_ContentPlaceHolder1_field1 > p:nth-child(8) > span"
"WCAG2AAA.Principle1.Guideline1_4.1_4_6.G17.BgImage","This element's text is placed on a background image. Ensure the contrast ratio between the text and all covered parts of the image are at least 7:1.","warning","<span style=\"color: #404040;\">We now offer online booking for...</span>","#ctl00_ContentPlaceHolder1_field1 > p:nth-child(8) > span"
"WCAG2AAA.Principle1.Guideline1_4.1_4_6.G17.BgImage","This element's text is placed on a background image. Ensure the contrast ratio between the text and all covered parts of the image are at least 7:1.","warning","<strong>\"Appointment\"</strong>","#ctl00_ContentPlaceHolder1_field1 > p:nth-child(8) > span > strong"
"WCAG2AAA.Principle2.Guideline2_4.2_4_9.H30","Check that text of the link describes the purpose of the link.","notice","<a href=\"new-patients.aspx\" id=\"ctl00_ContentPlaceHolder1_registerNowLink\">Register With Us Now</a>","#ctl00_ContentPlaceHolder1_registerNowLink"
"WCAG2AAA.Principle2.Guideline2_4.2_4_9.H30","Check that text of the link describes the purpose of the link.","notice","<a rel=\"nofollow\" class=\"online_prescriptions\" title=\"Order your repeat medications\" style=\"line-height:32px;\" href=\"https://systmonline.tpp-uk.com\" target=\"_blank\"><img alt=\"Order your repeat med...</a>","#ctl00_ContentPlaceHolder1_options_icons > span:nth-child(1) > a"
"WCAG2AAA.Principle3.Guideline3_2.3_2_5.H83.3","Check that this link's link text contains information indicating that the link will open in a new window.","warning","<a rel=\"nofollow\" class=\"online_prescriptions\" title=\"Order your repeat medications\" style=\"line-height:32px;\" href=\"https://systmonline.tpp-uk.com\" target=\"_blank\"><img alt=\"Order your repeat med...</a>","#ctl00_ContentPlaceHolder1_options_icons > span:nth-child(1) > a"
"WCAG2AAA.Principle1.Guideline1_1.1_1_1.G94.Image","Ensure that the img element's alt text serves the same purpose and presents the same information as the image.","notice","<img alt=\"Order your repeat medications\" src=\"/images/buttons/msw_button_prescriptions.jpg\">","#ctl00_ContentPlaceHolder1_options_icons > span:nth-child(1) > a > img"
"WCAG2AAA.Principle1.Guideline1_1.1_1_1.G73,G74","If this image cannot be fully described in a short text alternative, ensure a long text alternative is also available, such as in the body text or through a link.","notice","<img alt=\"Order your repeat medications\" src=\"/images/buttons/msw_button_prescriptions.jpg\">","#ctl00_ContentPlaceHolder1_options_icons > span:nth-child(1) > a > img"
"WCAG2AAA.Principle2.Guideline2_4.2_4_9.H30","Check that text of the link describes the purpose of the link.","notice","<a rel=\"nofollow\" class=\"online_cancel\" title=\"Cancel your appointment\" style=\"line-height:32px;\" href=\"https://systmonline.tpp-uk.com\" target=\"_blank\"><img alt=\"Cancel your appointme...</a>","#ctl00_ContentPlaceHolder1_options_icons > span:nth-child(2) > a"
"WCAG2AAA.Principle3.Guideline3_2.3_2_5.H83.3","Check that this link's link text contains information indicating that the link will open in a new window.","warning","<a rel=\"nofollow\" class=\"online_cancel\" title=\"Cancel your appointment\" style=\"line-height:32px;\" href=\"https://systmonline.tpp-uk.com\" target=\"_blank\"><img alt=\"Cancel your appointme...</a>","#ctl00_ContentPlaceHolder1_options_icons > span:nth-child(2) > a"
"WCAG2AAA.Principle1.Guideline1_1.1_1_1.G94.Image","Ensure that the img element's alt text serves the same purpose and presents the same information as the image.","notice","<img alt=\"Cancel your appointment\" src=\"/images/buttons/msw_button_cancel.jpg\">","#ctl00_ContentPlaceHolder1_options_icons > span:nth-child(2) > a > img"
"WCAG2AAA.Principle1.Guideline1_1.1_1_1.G73,G74","If this image cannot be fully described in a short text alternative, ensure a long text alternative is also available, such as in the body text or through a link.","notice","<img alt=\"Cancel your appointment\" src=\"/images/buttons/msw_button_cancel.jpg\">","#ctl00_ContentPlaceHolder1_options_icons > span:nth-child(2) > a > img"
"WCAG2AAA.Principle2.Guideline2_4.2_4_9.H30","Check that text of the link describes the purpose of the link.","notice","<a rel=\"nofollow\" class=\"online_appointments\" title=\"Access Appointment System\" style=\"line-height:32px;\" href=\"https://systmonline.tpp-uk.com\" target=\"_blank\"><img alt=\"Access Appointment Sy...</a>","#ctl00_ContentPlaceHolder1_options_icons > span:nth-child(3) > a"
"WCAG2AAA.Principle3.Guideline3_2.3_2_5.H83.3","Check that this link's link text contains information indicating that the link will open in a new window.","warning","<a rel=\"nofollow\" class=\"online_appointments\" title=\"Access Appointment System\" style=\"line-height:32px;\" href=\"https://systmonline.tpp-uk.com\" target=\"_blank\"><img alt=\"Access Appointment Sy...</a>","#ctl00_ContentPlaceHolder1_options_icons > span:nth-child(3) > a"
"WCAG2AAA.Principle1.Guideline1_1.1_1_1.G94.Image","Ensure that the img element's alt text serves the same purpose and presents the same information as the image.","notice","<img alt=\"Access Appointment System\" src=\"/images/buttons/msw_button_apprequest.jpg\">","#ctl00_ContentPlaceHolder1_options_icons > span:nth-child(3) > a > img"
"WCAG2AAA.Principle1.Guideline1_1.1_1_1.G73,G74","If this image cannot be fully described in a short text alternative, ensure a long text alternative is also available, such as in the body text or through a link.","notice","<img alt=\"Access Appointment System\" src=\"/images/buttons/msw_button_apprequest.jpg\">","#ctl00_ContentPlaceHolder1_options_icons > span:nth-child(3) > a > img"
"WCAG2AAA.Principle2.Guideline2_4.2_4_9.H30","Check that text of the link describes the purpose of the link.","notice","<a rel=\"nofollow\" class=\"online_address\" title=\"Change of contact details\" style=\"line-height:32px;\" href=\"https://www.mysurgerywebsite.co.uk/secure/services.aspx?k=d&amp;w=10&amp;p=B82037\" target=\"_blank\"><img alt=\"Change of contact det...</a>","#ctl00_ContentPlaceHolder1_options_icons > span:nth-child(4) > a"
"WCAG2AAA.Principle3.Guideline3_2.3_2_5.H83.3","Check that this link's link text contains information indicating that the link will open in a new window.","warning","<a rel=\"nofollow\" class=\"online_address\" title=\"Change of contact details\" style=\"line-height:32px;\" href=\"https://www.mysurgerywebsite.co.uk/secure/services.aspx?k=d&amp;w=10&amp;p=B82037\" target=\"_blank\"><img alt=\"Change of contact det...</a>","#ctl00_ContentPlaceHolder1_options_icons > span:nth-child(4) > a"
"WCAG2AAA.Principle1.Guideline1_1.1_1_1.G94.Image","Ensure that the img element's alt text serves the same purpose and presents the same information as the image.","notice","<img alt=\"Change of contact details\" src=\"/images/buttons/msw_button_coa.jpg\">","#ctl00_ContentPlaceHolder1_options_icons > span:nth-child(4) > a > img"
"WCAG2AAA.Principle1.Guideline1_1.1_1_1.G73,G74","If this image cannot be fully described in a short text alternative, ensure a long text alternative is also available, such as in the body text or through a link.","notice","<img alt=\"Change of contact details\" src=\"/images/buttons/msw_button_coa.jpg\">","#ctl00_ContentPlaceHolder1_options_icons > span:nth-child(4) > a > img"
"WCAG2AAA.Principle2.Guideline2_4.2_4_9.H30","Check that text of the link describes the purpose of the link.","notice","<a rel=\"nofollow\" class=\"online_record\" title=\"Update your clinical record\" href=\"https://www.mysurgerywebsite.co.uk/secure/survey.aspx?p=B82037\" target=\"_blank\"><img alt=\"Update your clinical ...</a>","#ctl00_ContentPlaceHolder1_options_icons > span:nth-child(5) > a"
"WCAG2AAA.Principle3.Guideline3_2.3_2_5.H83.3","Check that this link's link text contains information indicating that the link will open in a new window.","warning","<a rel=\"nofollow\" class=\"online_record\" title=\"Update your clinical record\" href=\"https://www.mysurgerywebsite.co.uk/secure/survey.aspx?p=B82037\" target=\"_blank\"><img alt=\"Update your clinical ...</a>","#ctl00_ContentPlaceHolder1_options_icons > span:nth-child(5) > a"
"WCAG2AAA.Principle1.Guideline1_1.1_1_1.G94.Image","Ensure that the img element's alt text serves the same purpose and presents the same information as the image.","notice","<img alt=\"Update your clinical record\" src=\"/images/buttons/msw_button_clinical.jpg\">","#ctl00_ContentPlaceHolder1_options_icons > span:nth-child(5) > a > img"
"WCAG2AAA.Principle1.Guideline1_1.1_1_1.G73,G74","If this image cannot be fully described in a short text alternative, ensure a long text alternative is also available, such as in the body text or through a link.","notice","<img alt=\"Update your clinical record\" src=\"/images/buttons/msw_button_clinical.jpg\">","#ctl00_ContentPlaceHolder1_options_icons > span:nth-child(5) > a > img"
"WCAG2AAA.Principle2.Guideline2_4.2_4_9.H30","Check that text of the link describes the purpose of the link.","notice","<a rel=\"nofollow\" class=\"online_newsletter\" title=\"Sign up to the newsletter\" href=\"https://www.mysurgerywebsite.co.uk/secure/subscribe.aspx?p=B82037\" target=\"_blank\"><img alt=\"Sign up to the newsle...</a>","#ctl00_ContentPlaceHolder1_options_icons > span:nth-child(6) > a"
"WCAG2AAA.Principle3.Guideline3_2.3_2_5.H83.3","Check that this link's link text contains information indicating that the link will open in a new window.","warning","<a rel=\"nofollow\" class=\"online_newsletter\" title=\"Sign up to the newsletter\" href=\"https://www.mysurgerywebsite.co.uk/secure/subscribe.aspx?p=B82037\" target=\"_blank\"><img alt=\"Sign up to the newsle...</a>","#ctl00_ContentPlaceHolder1_options_icons > span:nth-child(6) > a"
"WCAG2AAA.Principle1.Guideline1_1.1_1_1.G94.Image","Ensure that the img element's alt text serves the same purpose and presents the same information as the image.","notice","<img alt=\"Sign up to the newsletter\" src=\"/images/buttons/msw_button_newsletter.jpg\">","#ctl00_ContentPlaceHolder1_options_icons > span:nth-child(6) > a > img"
"WCAG2AAA.Principle1.Guideline1_1.1_1_1.G73,G74","If this image cannot be fully described in a short text alternative, ensure a long text alternative is also available, such as in the body text or through a link.","notice","<img alt=\"Sign up to the newsletter\" src=\"/images/buttons/msw_button_newsletter.jpg\">","#ctl00_ContentPlaceHolder1_options_icons > span:nth-child(6) > a > img"
"WCAG2AAA.Principle1.Guideline1_4.1_4_6.G17.BgImage","This element's text is placed on a background image. Ensure the contrast ratio between the text and all covered parts of the image are at least 7:1.","warning","<a title=\"The latest news\" href=\"/news.aspx?pr=B82037\">Latest News</a>","#ctl00_resUpperLinks > div:nth-child(2) > a"
"WCAG2AAA.Principle2.Guideline2_4.2_4_9.H30","Check that text of the link describes the purpose of the link.","notice","<a title=\"The latest news\" href=\"/news.aspx?pr=B82037\">Latest News</a>","#ctl00_resUpperLinks > div:nth-child(2) > a"
"WCAG2AAA.Principle1.Guideline1_4.1_4_6.G17.BgImage","This element's text is placed on a background image. Ensure the contrast ratio between the text and all covered parts of the image are at least 7:1.","warning","<a title=\"Search the site\" href=\"/search.aspx\">Search</a>","#ctl00_resUpperLinks > div:nth-child(3) > a"
"WCAG2AAA.Principle2.Guideline2_4.2_4_9.H30","Check that text of the link describes the purpose of the link.","notice","<a title=\"Search the site\" href=\"/search.aspx\">Search</a>","#ctl00_resUpperLinks > div:nth-child(3) > a"
"WCAG2AAA.Principle1.Guideline1_4.1_4_6.G17.BgImage","This element's text is placed on a background image. Ensure the contrast ratio between the text and all covered parts of the image are at least 7:1.","warning","<a href=\"#\" onclick=\"toggleTranslate(); return false;\">Translate Page</a>","#ctl00_translateUpper > a"
"WCAG2AAA.Principle2.Guideline2_4.2_4_9.H30","Check that text of the link describes the purpose of the link.","notice","<a href=\"#\" onclick=\"toggleTranslate(); return false;\">Translate Page</a>","#ctl00_translateUpper > a"
"WCAG2AAA.Principle1.Guideline1_1.1_1_1.H67.2","Img element is marked so that it is ignored by Assistive Technology.","warning","<img src=\"https://www.google.com/images/cleardot.gif\" class=\"goog-te-gadget-icon\" alt=\"\" style=\"background-image: url(https://translate.googleapis.com/translate_static/img/te_ctrl3.gif); background-position: -65px 0px;\">","#:0.targetLanguage > img"
"WCAG2AAA.Principle1.Guideline1_4.1_4_3_F24.F24.BGColour","Check that this element has an inherited foreground colour to complement the corresponding inline background colour or image.","warning","<img src=\"https://www.google.com/images/cleardot.gif\" class=\"goog-te-gadget-icon\" alt=\"\" style=\"background-image: url(https://translate.googleapis.com/translate_static/img/te_ctrl3.gif); background-position: -65px 0px;\">","#:0.targetLanguage > img"
"WCAG2AAA.Principle1.Guideline1_1.1_1_1.G73,G74","If this image cannot be fully described in a short text alternative, ensure a long text alternative is also available, such as in the body text or through a link.","notice","<img src=\"https://www.google.com/images/cleardot.gif\" class=\"goog-te-gadget-icon\" alt=\"\" style=\"background-image: url(https://translate.googleapis.com/translate_static/img/te_ctrl3.gif); background-position: -65px 0px;\">","#:0.targetLanguage > img"
"WCAG2AAA.Principle2.Guideline2_4.2_4_9.H30","Check that text of the link describes the purpose of the link.","notice","<a aria-haspopup=\"true\" class=\"goog-te-menu-value\" href=\"javascript:void(0)\"><span>选择语言</span><img src=\"http...</a>","#:0.targetLanguage > span > a"
"WCAG2AAA.Principle1.Guideline1_1.1_1_1.H67.2","Img element is marked so that it is ignored by Assistive Technology.","warning","<img src=\"https://www.google.com/images/cleardot.gif\" alt=\"\" width=\"1\" height=\"1\">","#:0.targetLanguage > span > a > img:nth-child(2)"
"WCAG2AAA.Principle1.Guideline1_1.1_1_1.G73,G74","If this image cannot be fully described in a short text alternative, ensure a long text alternative is also available, such as in the body text or through a link.","notice","<img src=\"https://www.google.com/images/cleardot.gif\" alt=\"\" width=\"1\" height=\"1\">","#:0.targetLanguage > span > a > img:nth-child(2)"
"WCAG2AAA.Principle1.Guideline1_1.1_1_1.H67.2","Img element is marked so that it is ignored by Assistive Technology.","warning","<img src=\"https://www.google.com/images/cleardot.gif\" alt=\"\" width=\"1\" height=\"1\">","#:0.targetLanguage > span > a > img:nth-child(4)"
"WCAG2AAA.Principle1.Guideline1_1.1_1_1.G73,G74","If this image cannot be fully described in a short text alternative, ensure a long text alternative is also available, such as in the body text or through a link.","notice","<img src=\"https://www.google.com/images/cleardot.gif\" alt=\"\" width=\"1\" height=\"1\">","#:0.targetLanguage > span > a > img:nth-child(4)"
"WCAG2AAA.Principle1.Guideline1_4.1_4_6.G17.BgImage","This element's text is placed on a background image. Ensure the contrast ratio between the text and all covered parts of the image are at least 7:1.","warning","<a title=\"Patient Participation Groups\" href=\"ppg.aspx\">Patient Participation Groups</a>","#ctl00_resPatInfo > div > div > div:nth-child(1) > a"
"WCAG2AAA.Principle2.Guideline2_4.2_4_9.H30","Check that text of the link describes the purpose of the link.","notice","<a title=\"Patient Participation Groups\" href=\"ppg.aspx\">Patient Participation Groups</a>","#ctl00_resPatInfo > div > div > div:nth-child(1) > a"
"WCAG2AAA.Principle1.Guideline1_4.1_4_6.G17.BgImage","This element's text is placed on a background image. Ensure the contrast ratio between the text and all covered parts of the image are at least 7:1.","warning","<a title=\"Friends &amp; Family Test\" target=\"_blank\" href=\"https://www.mysurgeryintranet.co.uk/FriendsAndFamily/surveys/TakeOurSurvey/?surveyId=4477\">Friend &amp; Family Test</a>","#ctl00_resPatInfo > div > div > div:nth-child(2) > a"
"WCAG2AAA.Principle2.Guideline2_4.2_4_9.H30","Check that text of the link describes the purpose of the link.","notice","<a title=\"Friends &amp; Family Test\" target=\"_blank\" href=\"https://www.mysurgeryintranet.co.uk/FriendsAndFamily/surveys/TakeOurSurvey/?surveyId=4477\">Friend &amp; Family Test</a>","#ctl00_resPatInfo > div > div > div:nth-child(2) > a"
"WCAG2AAA.Principle3.Guideline3_2.3_2_5.H83.3","Check that this link's link text contains information indicating that the link will open in a new window.","warning","<a title=\"Friends &amp; Family Test\" target=\"_blank\" href=\"https://www.mysurgeryintranet.co.uk/FriendsAndFamily/surveys/TakeOurSurvey/?surveyId=4477\">Friend &amp; Family Test</a>","#ctl00_resPatInfo > div > div > div:nth-child(2) > a"
"WCAG2AAA.Principle1.Guideline1_4.1_4_6.G17.BgImage","This element's text is placed on a background image. Ensure the contrast ratio between the text and all covered parts of the image are at least 7:1.","warning","<a title=\"Friends &amp; Family Results\" target=\"_blank\" href=\"https://www.mysurgeryintranet.co.uk/FriendsAndFamily/surveys/PublishResults/?surveyId=4477\">Friend &amp; Family Results</a>","#ctl00_resPatInfo > div > div > div:nth-child(3) > a"
"WCAG2AAA.Principle2.Guideline2_4.2_4_9.H30","Check that text of the link describes the purpose of the link.","notice","<a title=\"Friends &amp; Family Results\" target=\"_blank\" href=\"https://www.mysurgeryintranet.co.uk/FriendsAndFamily/surveys/PublishResults/?surveyId=4477\">Friend &amp; Family Results</a>","#ctl00_resPatInfo > div > div > div:nth-child(3) > a"
"WCAG2AAA.Principle3.Guideline3_2.3_2_5.H83.3","Check that this link's link text contains information indicating that the link will open in a new window.","warning","<a title=\"Friends &amp; Family Results\" target=\"_blank\" href=\"https://www.mysurgeryintranet.co.uk/FriendsAndFamily/surveys/PublishResults/?surveyId=4477\">Friend &amp; Family Results</a>","#ctl00_resPatInfo > div > div > div:nth-child(3) > a"
"WCAG2AAA.Principle1.Guideline1_4.1_4_6.G17.BgImage","This element's text is placed on a background image. Ensure the contrast ratio between the text and all covered parts of the image are at least 7:1.","warning","<a href=\"surveyreport.aspx?p=B82037\">Survey Report</a>","#ctl00_resPatInfo > div > div > div:nth-child(4) > a"
"WCAG2AAA.Principle2.Guideline2_4.2_4_9.H30","Check that text of the link describes the purpose of the link.","notice","<a href=\"surveyreport.aspx?p=B82037\">Survey Report</a>","#ctl00_resPatInfo > div > div > div:nth-child(4) > a"
"WCAG2AAA.Principle2.Guideline2_4.2_4_9.H30","Check that text of the link describes the purpose of the link.","notice","<a href=\"earnings.aspx\">GP Earnings</a>","#ctl00_resPatInfo > ul > li:nth-child(1) > a"
"WCAG2AAA.Principle2.Guideline2_4.2_4_9.H30","Check that text of the link describes the purpose of the link.","notice","<a tabindex=\"4\" href=\"/info.aspx?p=17\">Care Quality Commission</a>","#ctl00_resPatInfo > ul > li:nth-child(2) > a"
"WCAG2AAA.Principle2.Guideline2_4.2_4_9.H30","Check that text of the link describes the purpose of the link.","notice","<a tabindex=\"5\" href=\"/info.aspx?p=16\">Electronic data sharing</a>","#ctl00_resPatInfo > ul > li:nth-child(3) > a"
"WCAG2AAA.Principle2.Guideline2_4.2_4_9.H30","Check that text of the link describes the purpose of the link.","notice","<a tabindex=\"6\" href=\"/info.aspx?p=18\">IT/Electronic Patient Record</a>","#ctl00_resPatInfo > ul > li:nth-child(4) > a"
"WCAG2AAA.Principle2.Guideline2_4.2_4_9.H30","Check that text of the link describes the purpose of the link.","notice","<a tabindex=\"7\" href=\"/info.aspx?p=15\">Care Data</a>","#ctl00_resPatInfo > ul > li:nth-child(5) > a"
"WCAG2AAA.Principle2.Guideline2_4.2_4_9.H30","Check that text of the link describes the purpose of the link.","notice","<a tabindex=\"8\" href=\"/info.aspx?p=1\">GDPR</a>","#ctl00_resPatInfo > ul > li:nth-child(6) > a"
"WCAG2AAA.Principle2.Guideline2_4.2_4_9.H30","Check that text of the link describes the purpose of the link.","notice","<a tabindex=\"9\" href=\"/info.aspx?p=5\">Summary Care Record</a>","#ctl00_resPatInfo > ul > li:nth-child(7) > a"
"WCAG2AAA.Principle2.Guideline2_4.2_4_9.H30","Check that text of the link describes the purpose of the link.","notice","<a tabindex=\"10\" href=\"/info.aspx?p=10\">Online Services</a>","#ctl00_resPatInfo > ul > li:nth-child(8) > a"
"WCAG2AAA.Principle2.Guideline2_4.2_4_9.H30","Check that text of the link describes the purpose of the link.","notice","<a tabindex=\"11\" href=\"/info.aspx?p=14\">Chargeable Services</a>","#ctl00_resPatInfo > ul > li:nth-child(9) > a"
"WCAG2AAA.Principle2.Guideline2_4.2_4_9.H30","Check that text of the link describes the purpose of the link.","notice","<a tabindex=\"12\" href=\"/info.aspx?p=2\">Sickness Certificates</a>","#ctl00_resPatInfo > ul > li:nth-child(10) > a"
"WCAG2AAA.Principle2.Guideline2_4.2_4_9.H30","Check that text of the link describes the purpose of the link.","notice","<a tabindex=\"13\" href=\"/info.aspx?p=7\">Patient Guide to Services</a>","#ctl00_resPatInfo > ul > li:nth-child(11) > a"
"WCAG2AAA.Principle2.Guideline2_4.2_4_9.H30","Check that text of the link describes the purpose of the link.","notice","<a tabindex=\"14\" href=\"/info.aspx?p=6\">Disabled Access</a>","#ctl00_resPatInfo > ul > li:nth-child(12) > a"
"WCAG2AAA.Principle2.Guideline2_4.2_4_9.H30","Check that text of the link describes the purpose of the link.","notice","<a tabindex=\"15\" href=\"/info.aspx?p=3\">Help for Carers</a>","#ctl00_resPatInfo > ul > li:nth-child(13) > a"
"WCAG2AAA.Principle2.Guideline2_4.2_4_9.H30","Check that text of the link describes the purpose of the link.","notice","<a tabindex=\"16\" href=\"/info.aspx?p=9\">NHS Complaints Advocacy</a>","#ctl00_resPatInfo > ul > li:nth-child(14) > a"
"WCAG2AAA.Principle2.Guideline2_4.2_4_9.H30","Check that text of the link describes the purpose of the link.","notice","<a tabindex=\"17\" href=\"/info.aspx?p=20\">Practice Policies</a>","#ctl00_resPatInfo > ul > li:nth-child(15) > a"
"WCAG2AAA.Principle2.Guideline2_4.2_4_9.H30","Check that text of the link describes the purpose of the link.","notice","<a tabindex=\"18\" href=\"/info.aspx?p=12\">Vacancies at Filey Surgery</a>","#ctl00_resPatInfo > ul > li:nth-child(16) > a"
"WCAG2AAA.Principle2.Guideline2_4.2_4_9.H30","Check that text of the link describes the purpose of the link.","notice","<a tabindex=\"19\" href=\"/info.aspx?p=8\">Sexual Health Services</a>","#ctl00_resPatInfo > ul > li:nth-child(17) > a"
"WCAG2AAA.Principle2.Guideline2_4.2_4_9.H30","Check that text of the link describes the purpose of the link.","notice","<a tabindex=\"20\" href=\"/info.aspx?p=4\">Pregnancy Care Planner</a>","#ctl00_resPatInfo > ul > li:nth-child(18) > a"
"WCAG2AAA.Principle2.Guideline2_4.2_4_9.H30","Check that text of the link describes the purpose of the link.","notice","<a tabindex=\"21\" href=\"/info.aspx?p=13\">The Filey Surgery Story</a>","#ctl00_resPatInfo > ul > li:nth-child(19) > a"
"WCAG2AAA.Principle2.Guideline2_4.2_4_9.H30","Check that text of the link describes the purpose of the link.","notice","<a tabindex=\"22\" href=\"/info.aspx?p=11\">The Regrettable Dr Pritchard</a>","#ctl00_resPatInfo > ul > li:nth-child(20) > a"
"WCAG2AAA.Principle2.Guideline2_4.2_4_9.H30","Check that text of the link describes the purpose of the link.","notice","<a title=\"Find out about women's and men's health issues, sexual health, vaccinations and how to live a healthy lifestyle\" href=\"/family-health.aspx\">Family Health</a>","#ctl00_resYourHealth > div > ul > li:nth-child(1) > a"
"WCAG2AAA.Principle2.Guideline2_4.2_4_9.H30","Check that text of the link describes the purpose of the link.","notice","<a title=\"Lots of information about heart disease, asthma, cancer, mental health, diabetes, COPD, osteoarthritis and pain\" href=\"/long_term_conditions.aspx\">Long Term Conditions</a>","#ctl00_resYourHealth > div > ul > li:nth-child(2) > a"
"WCAG2AAA.Principle2.Guideline2_4.2_4_9.H30","Check that text of the link describes the purpose of the link.","notice","<a title=\"Get help on managing minor illnesses and conditions such as colds and diarrhoea\" href=\"/minor_illness.aspx\">Minor Illness</a>","#ctl00_resYourHealth > div > ul > li:nth-child(3) > a"
"WCAG2AAA.Principle1.Guideline1_3.1_3_1.H48","If this element contains a navigation section, it is recommended that it be marked up as a list.","warning","<div id=\"ctl00_nhsDirect1\" class=\"nhsDirect1\"><a class=\"nhs111Link\" href=\"htt...</div>","#ctl00_nhsDirect1"
"WCAG2AAA.Principle2.Guideline2_4.2_4_9.H30","Check that text of the link describes the purpose of the link.","notice","<a class=\"nhs111Link\" href=\"http://www.nhs.uk/111/\" target=\"_blank\"><img src=\"/images/nhs_111.jpg\" ...</a>","#ctl00_nhsDirect1 > a:nth-child(1)"
"WCAG2AAA.Principle3.Guideline3_2.3_2_5.H83.3","Check that this link's link text contains information indicating that the link will open in a new window.","warning","<a class=\"nhs111Link\" href=\"http://www.nhs.uk/111/\" target=\"_blank\"><img src=\"/images/nhs_111.jpg\" ...</a>","#ctl00_nhsDirect1 > a:nth-child(1)"
"WCAG2AAA.Principle1.Guideline1_1.1_1_1.G94.Image","Ensure that the img element's alt text serves the same purpose and presents the same information as the image.","notice","<img src=\"/images/nhs_111.jpg\" alt=\"Call 111 when you need medical help fast but it’s not a 999 emergency\">","#ctl00_nhsDirect1 > a:nth-child(1) > img"
"WCAG2AAA.Principle1.Guideline1_1.1_1_1.G73,G74","If this image cannot be fully described in a short text alternative, ensure a long text alternative is also available, such as in the body text or through a link.","notice","<img src=\"/images/nhs_111.jpg\" alt=\"Call 111 when you need medical help fast but it’s not a 999 emergency\">","#ctl00_nhsDirect1 > a:nth-child(1) > img"
"WCAG2AAA.Principle2.Guideline2_4.2_4_9.H30","Check that text of the link describes the purpose of the link.","notice","<a class=\"nhsLink\" href=\"http://www.nhs.uk\" target=\"_blank\" title=\"NHS Choices\"><img src=\"/images/nhs_logo.gif\"...</a>","#ctl00_nhsDirect1 > a:nth-child(2)"
"WCAG2AAA.Principle3.Guideline3_2.3_2_5.H83.3","Check that this link's link text contains information indicating that the link will open in a new window.","warning","<a class=\"nhsLink\" href=\"http://www.nhs.uk\" target=\"_blank\" title=\"NHS Choices\"><img src=\"/images/nhs_logo.gif\"...</a>","#ctl00_nhsDirect1 > a:nth-child(2)"
"WCAG2AAA.Principle1.Guideline1_1.1_1_1.G94.Image","Ensure that the img element's alt text serves the same purpose and presents the same information as the image.","notice","<img src=\"/images/nhs_logo.gif\" alt=\"NHS Choices\">","#ctl00_nhsDirect1 > a:nth-child(2) > img"
"WCAG2AAA.Principle1.Guideline1_1.1_1_1.G73,G74","If this image cannot be fully described in a short text alternative, ensure a long text alternative is also available, such as in the body text or through a link.","notice","<img src=\"/images/nhs_logo.gif\" alt=\"NHS Choices\">","#ctl00_nhsDirect1 > a:nth-child(2) > img"
"WCAG2AAA.Principle2.Guideline2_4.2_4_9.H30","Check that text of the link describes the purpose of the link.","notice","<a class=\"mswLink\" href=\"http://www.mysurgerywebsite.co.uk\" target=\"_blank\"><img src=\"/images/msw_logo.jpg\"...</a>","#ctl00_nhsDirect1 > a:nth-child(3)"
"WCAG2AAA.Principle3.Guideline3_2.3_2_5.H83.3","Check that this link's link text contains information indicating that the link will open in a new window.","warning","<a class=\"mswLink\" href=\"http://www.mysurgerywebsite.co.uk\" target=\"_blank\"><img src=\"/images/msw_logo.jpg\"...</a>","#ctl00_nhsDirect1 > a:nth-child(3)"
"WCAG2AAA.Principle1.Guideline1_1.1_1_1.G94.Image","Ensure that the img element's alt text serves the same purpose and presents the same information as the image.","notice","<img src=\"/images/msw_logo.jpg\" alt=\"This site is brought to you by My Surgery Website\">","#ctl00_nhsDirect1 > a:nth-child(3) > img"
"WCAG2AAA.Principle1.Guideline1_1.1_1_1.G73,G74","If this image cannot be fully described in a short text alternative, ensure a long text alternative is also available, such as in the body text or through a link.","notice","<img src=\"/images/msw_logo.jpg\" alt=\"This site is brought to you by My Surgery Website\">","#ctl00_nhsDirect1 > a:nth-child(3) > img"
"WCAG2AAA.Principle1.Guideline1_4.1_4_6.G17.BgImage","This element's text is placed on a background image. Ensure the contrast ratio between the text and all covered parts of the image are at least 7:1.","warning","<p><a href=\"https://www.mysurgeryw...</p>","#ctl00_footer > p"
"WCAG2AAA.Principle1.Guideline1_3.1_3_1.H48","If this element contains a navigation section, it is recommended that it be marked up as a list.","warning","<p><a href=\"https://www.mysurgeryw...</p>","#ctl00_footer > p"
"WCAG2AAA.Principle1.Guideline1_4.1_4_6.G17.BgImage","This element's text is placed on a background image. Ensure the contrast ratio between the text and all covered parts of the image are at least 7:1.","warning","<a href=\"https://www.mysurgerywebsite.co.uk\" target=\"_blank\">Copyright 2006 - 2019 My Surger...</a>","#ctl00_footer > p > a:nth-child(1)"
"WCAG2AAA.Principle2.Guideline2_4.2_4_9.H30","Check that text of the link describes the purpose of the link.","notice","<a href=\"https://www.mysurgerywebsite.co.uk\" target=\"_blank\">Copyright 2006 - 2019 My Surger...</a>","#ctl00_footer > p > a:nth-child(1)"
"WCAG2AAA.Principle3.Guideline3_2.3_2_5.H83.3","Check that this link's link text contains information indicating that the link will open in a new window.","warning","<a href=\"https://www.mysurgerywebsite.co.uk\" target=\"_blank\">Copyright 2006 - 2019 My Surger...</a>","#ctl00_footer > p > a:nth-child(1)"
"WCAG2AAA.Principle1.Guideline1_4.1_4_6.G17.BgImage","This element's text is placed on a background image. Ensure the contrast ratio between the text and all covered parts of the image are at least 7:1.","warning","<a href=\"https://www.mysurgerywebsite.co.uk/disclaimer.htm\" target=\"_blank\">Privacy &amp; Usage</a>","#ctl00_footer > p > a:nth-child(2)"
"WCAG2AAA.Principle2.Guideline2_4.2_4_9.H30","Check that text of the link describes the purpose of the link.","notice","<a href=\"https://www.mysurgerywebsite.co.uk/disclaimer.htm\" target=\"_blank\">Privacy &amp; Usage</a>","#ctl00_footer > p > a:nth-child(2)"
"WCAG2AAA.Principle3.Guideline3_2.3_2_5.H83.3","Check that this link's link text contains information indicating that the link will open in a new window.","warning","<a href=\"https://www.mysurgerywebsite.co.uk/disclaimer.htm\" target=\"_blank\">Privacy &amp; Usage</a>","#ctl00_footer > p > a:nth-child(2)"
"WCAG2AAA.Principle1.Guideline1_4.1_4_6.G17.BgImage","This element's text is placed on a background image. Ensure the contrast ratio between the text and all covered parts of the image are at least 7:1.","warning","<a rel=\"nofollow\" href=\"/index_form.aspx\">Edit</a>","#ctl00_footer > p > a:nth-child(3)"
"WCAG2AAA.Principle2.Guideline2_4.2_4_9.H30","Check that text of the link describes the purpose of the link.","notice","<a rel=\"nofollow\" href=\"/index_form.aspx\">Edit</a>","#ctl00_footer > p > a:nth-child(3)"
"WCAG2AAA.Principle1.Guideline1_4.1_4_6.G17.BgImage","This element's text is placed on a background image. Ensure the contrast ratio between the text and all covered parts of the image are at least 7:1.","warning","<a rel=\"nofollow\" href=\"https://www.mysurgerywebsite.co.uk/secure/gpindex.aspx?pr=B82037\">Staff Home</a>","#ctl00_footer > p > a:nth-child(4)"
"WCAG2AAA.Principle2.Guideline2_4.2_4_9.H30","Check that text of the link describes the purpose of the link.","notice","<a rel=\"nofollow\" href=\"https://www.mysurgerywebsite.co.uk/secure/gpindex.aspx?pr=B82037\">Staff Home</a>","#ctl00_footer > p > a:nth-child(4)"
"WCAG2AAA.Principle1.Guideline1_4.1_4_6.G17.BgImage","This element's text is placed on a background image. Ensure the contrast ratio between the text and all covered parts of the image are at least 7:1.","warning","<a href=\"/site-map.aspx?pr=B82037\">Site Map</a>","#ctl00_footer > p > a:nth-child(5)"
"WCAG2AAA.Principle2.Guideline2_4.2_4_9.H30","Check that text of the link describes the purpose of the link.","notice","<a href=\"/site-map.aspx?pr=B82037\">Site Map</a>","#ctl00_footer > p > a:nth-child(5)"
"WCAG2AAA.Principle1.Guideline1_4.1_4_6.G17.BgImage","This element's text is placed on a background image. Ensure the contrast ratio between the text and all covered parts of the image are at least 7:1.","warning","<a href=\"/Accessibility.aspx?pr=B82037\">Accessibility</a>","#ctl00_footer > p > a:nth-child(6)"
"WCAG2AAA.Principle2.Guideline2_4.2_4_9.H30","Check that text of the link describes the purpose of the link.","notice","<a href=\"/Accessibility.aspx?pr=B82037\">Accessibility</a>","#ctl00_footer > p > a:nth-child(6)"
"WCAG2AAA.Principle1.Guideline1_4.1_4_6.G17.BgImage","This element's text is placed on a background image. Ensure the contrast ratio between the text and all covered parts of the image are at least 7:1.","warning","<a href=\"help/My Surgery Website Site Terms and Conditions.pdf\">Site T&amp;C's</a>","#ctl00_footer > p > a:nth-child(7)"
"WCAG2AAA.Principle2.Guideline2_4.2_4_9.H30","Check that text of the link describes the purpose of the link.","notice","<a href=\"help/My Surgery Website Site Terms and Conditions.pdf\">Site T&amp;C's</a>","#ctl00_footer > p > a:nth-child(7)"
"WCAG2AAA.Principle1.Guideline1_4.1_4_6.G17.BgImage","This element's text is placed on a background image. Ensure the contrast ratio between the text and all covered parts of the image are at least 7:1.","warning","<a href=\"help/My Surgery Website Service Terms and Conditions.pdf\">Service T&amp;C's</a>","#ctl00_footer > p > a:nth-child(8)"
"WCAG2AAA.Principle2.Guideline2_4.2_4_9.H30","Check that text of the link describes the purpose of the link.","notice","<a href=\"help/My Surgery Website Service Terms and Conditions.pdf\">Service T&amp;C's</a>","#ctl00_footer > p > a:nth-child(8)"
"WCAG2AAA.Principle1.Guideline1_1.1_1_1.G94.Image","Ensure that the img element's alt text serves the same purpose and presents the same information as the image.","notice","<img src=\"https://www.gstatic.com/images/branding/product/1x/translate_24dp.png\" width=\"20\" height=\"20\" alt=\"Google 翻译\">","#goog-gt-tt > div:nth-child(1) > div > div > img"
"WCAG2AAA.Principle1.Guideline1_1.1_1_1.G73,G74","If this image cannot be fully described in a short text alternative, ensure a long text alternative is also available, such as in the body text or through a link.","notice","<img src=\"https://www.gstatic.com/images/branding/product/1x/translate_24dp.png\" width=\"20\" height=\"20\" alt=\"Google 翻译\">","#goog-gt-tt > div:nth-child(1) > div > div > img"
"WCAG2AAA.Principle2.Guideline2_4.2_4_1.H64.2","Check that the title attribute of this element contains text that identifies the frame.","notice","<iframe frameborder=\"0\" class=\"goog-te-menu-frame skiptranslate\" title=\"语言翻译微件\" style=\"visibility: visible; box-sizing: content-box; width: 915px; height: 263px; display: none;\"></iframe>","#ctl00_mainbody > iframe:nth-child(6)"
"WCAG2AAA.Principle2.Guideline2_4.2_4_1.H64.2","Check that the title attribute of this element contains text that identifies the frame.","notice","<iframe frameborder=\"0\" class=\"goog-te-menu-frame skiptranslate\" title=\"语言翻译微件\" style=\"visibility: visible; box-sizing: content-box; width: 915px; height: 263px; display: none;\"></iframe>","#ctl00_mainbody > iframe:nth-child(7)"
"WCAG2AAA.Principle2.Guideline2_4.2_4_1.H64.2","Check that the title attribute of this element contains text that identifies the frame.","notice","<iframe frameborder=\"0\" class=\"goog-te-menu-frame skiptranslate\" title=\"语言翻译微件\" style=\"visibility: visible; box-sizing: content-box; width: 135px; height: 69px; display: none;\"></iframe>","#ctl00_mainbody > iframe:nth-child(8)"